Sensor Log File flight-s1 flight-s1-7@a.com 104 Hz plugin 300075 base 200600,,,,,,,,,
RECORD,TYPE,DATE,TIME,arx, ary, arz, grx, gry, grz
3619,1,11/17/15,18:52:44,-0.012687,0.068429,0.039651,-0.002857,0.00103,-0.009045
3620,1,11/17/15,18:52:44,0.000017,0.054035,0.037708,-0.000518,-0.002083,-0.008494
3621,1,11/17/15,18:52:44,-0.002098,0.043282,0.046312,0.00109,-0.001278,-0.007528
3622,1,11/17/15,18:52:44,-0.008448,0.025618,0.04379,0.001767,-0.003555,-0.00491
3623,1,11/17/15,18:52:44,0.001206,0.031891,0.035365,0.002962,-0.005458,-0.003465
3624,1,11/17/15,18:52:44,-0.004352,0.051489,0.051728,0.005739,-0.006591,-0.004372
3625,1,11/17/15,18:52:44,0.00578,0.04876,0.046543,0.004729,-0.007967,-0.002466
3626,1,11/17/15,18:52:44,0.01954,0.059551,0.035689,0.005353,-0.009455,-0.00165
3627,1,11/17/15,18:52:44,0.012619,0.063085,0.029769,0.005379,-0.009802,-0.00048
3628,1,11/17/15,18:52:44,-0.016679,0.072236,0.02164,0.004263,-0.009222,-0.000029
3629,1,11/17/15,18:52:44,-0.014752,0.080103,0.010519,0.003718,-0.009819,-0.003247
3630,1,11/17/15,18:52:44,-0.01381,0.069011,0.00311,0.001618,-0.011152,-0.000796
3631,1,11/17/15,18:52:44,-0.017799,0.060465,-0.003479,0.000994,-0.009569,-0.001075
3632,1,11/17/15,18:52:44,-0.004997,0.043295,-0.006576,-0.000175,-0.008011,-0.001352
3633,1,11/17/15,18:52:44,-0.010593,0.057887,-0.018886,-0.000254,-0.006402,-0.001637
3634,1,11/17/15,18:52:44,-0.008641,0.027263,-0.014271,-0.000281,-0.005866,-0.001731
3635,1,11/17/15,18:52:44,-0.010066,0.010391,0.00125,0.000756,-0.005026,-0.003542
3636,1,11/17/15,18:52:44,0.00673,-0.00166,0.025479,0.003892,-0.003139,-0.009415
3637,1,11/17/15,18:52:44,0.004937,0.001715,0.058505,0.004851,-0.001166,-0.014195
3638,1,11/17/15,18:52:44,-0.002051,0.037426,0.083601,0.007004,-0.001003,-0.016993
3639,1,11/17/15,18:52:44,0.00338,0.055927,0.063882,0.009728,-0.0004,-0.01433
3640,1,11/17/15,18:52:44,0.016298,0.068535,0.049699,0.011259,0.002107,-0.013112
3641,1,11/17/15,18:52:44,0.009207,0.050757,0.048561,0.008613,-0.000296,-0.016564
3642,1,11/17/15,18:52:44,-0.002261,0.042023,0.057776,0.008717,-0.002821,-0.018333
3643,1,11/17/15,18:52:44,-0.009357,0.039524,0.086399,0.008352,-0.006416,-0.016589
3644,1,11/17/15,18:52:44,-0.008389,0.017259,0.112007,0.005313,-0.011303,-0.015171
3645,1,11/17/15,18:52:44,-0.014415,0.015154,0.128177,0.002146,-0.014173,-0.017985
3646,1,11/17/15,18:52:44,-0.002947,0.026828,0.107278,-0.000454,-0.017174,-0.018558
3647,1,11/17/15,18:52:44,-0.006059,0.041702,0.081724,-0.00251,-0.020149,-0.019137
3648,1,11/17/15,18:52:44,-0.004759,0.029621,0.053819,-0.005604,-0.024054,-0.018443
3649,1,11/17/15,18:52:44,0.0002,0.037068,0.038505,-0.00784,-0.023177,-0.019149
3650,1,11/17/15,18:52:44,0.01309,0.036775,0.032458,-0.008387,-0.023203,-0.019141
3651,1,11/17/15,18:52:44,0.011723,0.032215,0.020656,-0.008339,-0.024181,-0.018413
3652,1,11/17/15,18:52:44,-0.014604,0.036895,0.026467,-0.00567,-0.022603,-0.016476
3653,1,11/17/15,18:52:44,-0.008458,0.027692,0.02687,-0.005028,-0.024056,-0.012337
3654,1,11/17/15,18:52:44,-0.001235,0.046018,0.01829,-0.005005,-0.024402,-0.011166
3655,1,11/17/15,18:52:44,-0.00476,0.088567,-0.002693,-0.005503,-0.025404,-0.010431
3656,1,11/17/15,18:52:44,-0.020249,0.103729,-0.021861,-0.002783,-0.025281,-0.010454
3657,1,11/17/15,18:52:44,-0.010635,0.110217,-0.042123,-0.000256,-0.020104,-0.006945
3658,1,11/17/15,18:52:44,-0.017769,0.121003,-0.033958,0.001702,-0.014127,-0.001916
3659,1,11/17/15,18:52:44,-0.001371,0.118974,-0.034426,0.002994,-0.00578,0.001028
3660,1,11/17/15,18:52:44,0.008405,0.111754,-0.049379,0.004879,0.001709,0.005236
3661,1,11/17/15,18:52:44,0.029653,0.096488,-0.057581,0.007755,0.010723,0.005296
3662,1,11/17/15,18:52:44,0.00874,0.060887,-0.05937,0.013923,0.01887,0.002743
3663,1,11/17/15,18:52:44,0.024053,0.049077,-0.044917,0.019524,0.027529,0.000106
3664,1,11/17/15,18:52:44,0.009121,0.035716,-0.018243,0.024202,0.032769,0.000293
3665,1,11/17/15,18:52:44,0.027977,0.000582,0.014538,0.0246,0.036297,0.001338
3666,1,11/17/15,18:52:44,-0.004015,-0.019335,0.063661,0.022843,0.038526,-0.001264
3667,1,11/17/15,18:52:44,-0.023267,-0.005358,0.093857,0.021382,0.034413,-0.002196
3668,1,11/17/15,18:52:44,-0.023942,0.043442,0.136173,0.018363,0.028994,-0.000686
3669,1,11/17/15,18:52:44,-0.035016,0.071585,0.159626,0.014768,0.023712,-0.001417
3670,1,11/17/15,18:52:44,-0.018716,0.105594,0.141316,0.014398,0.01974,-0.001824
3671,1,11/17/15,18:52:44,-0.038834,0.108195,0.092235,0.01452,0.017343,0.000261
3672,1,11/17/15,18:52:44,-0.066727,0.110937,0.060741,0.0144,0.019834,-0.001285
3673,1,11/17/15,18:52:44,-0.071964,0.118476,0.01098,0.016335,0.02558,-0.000631
3674,1,11/17/15,18:52:44,-0.107429,0.090893,-0.023442,0.022587,0.032683,0.000339
3675,1,11/17/15,18:52:44,-0.113621,0.080594,0.004911,0.030941,0.041492,0.001013
3676,1,11/17/15,18:52:44,-0.126405,0.067776,0.009186,0.036176,0.047594,0.006053
3677,1,11/17/15,18:52:44,-0.1071,0.04702,0.027838,0.040917,0.052216,0.009133
3678,1,11/17/15,18:52:44,-0.111722,0.053349,0.014179,0.042834,0.058209,0.00811
3679,1,11/17/15,18:52:44,-0.097584,0.042892,0.009355,0.042492,0.066099,0.008968
3680,1,11/17/15,18:52:44,-0.083518,0.054175,0.019171,0.03995,0.074705,0.011377
3681,1,11/17/15,18:52:44,-0.098351,0.060009,-0.009699,0.041102,0.086721,0.016517
3682,1,11/17/15,18:52:44,-0.08011,0.084334,-0.03836,0.039436,0.099952,0.019805
3683,1,11/17/15,18:52:44,-0.095798,0.086222,-0.075796,0.037681,0.115601,0.024342
3684,1,11/17/15,18:52:44,-0.104633,0.101209,-0.082246,0.034808,0.131646,0.028261
3685,1,11/17/15,18:52:44,-0.128334,0.11221,-0.049932,0.034545,0.15023,0.033437
3686,1,11/17/15,18:52:44,-0.14457,0.117222,-0.013687,0.034993,0.16545,0.04139
3687,1,11/17/15,18:52:44,-0.131108,0.107058,0.025358,0.035942,0.180237,0.046661
3688,1,11/17/15,18:52:44,-0.121607,0.099329,0.036317,0.037372,0.195923,0.047345
3689,1,11/17/15,18:52:44,-0.098138,0.092296,0.063316,0.041137,0.207853,0.048155
3690,1,11/17/15,18:52:44,-0.082324,0.080916,0.066763,0.043148,0.221951,0.049159
3691,1,11/17/15,18:52:44,-0.091047,0.077838,0.053046,0.046236,0.236381,0.051751
3692,1,11/17/15,18:52:44,-0.095359,0.049364,0.062444,0.049952,0.249303,0.055204
3693,1,11/17/15,18:52:44,-0.087539,0.033736,0.071848,0.056366,0.2611,0.054426
3694,1,11/17/15,18:52:44,-0.096071,0.033856,0.093789,0.062823,0.271996,0.051616
3695,1,11/17/15,18:52:44,-0.090137,0.020856,0.106172,0.066202,0.278536,0.05011
3696,1,11/17/15,18:52:44,-0.109052,0.007767,0.111482,0.069619,0.284799,0.047005
3697,1,11/17/15,18:52:44,-0.13799,-0.012179,0.122217,0.072042,0.289483,0.04139
3698,1,11/17/15,18:52:44,-0.146952,-0.040582,0.149459,0.076116,0.292923,0.037663
3699,1,11/17/15,18:52:44,-0.150474,-0.044735,0.146537,0.082535,0.29413,0.03322
3700,1,11/17/15,18:52:44,-0.195243,-0.010037,0.186005,0.091354,0.292386,0.033695
3701,1,11/17/15,18:52:44,-0.202797,0.065036,0.240021,0.103255,0.283517,0.040358
3702,1,11/17/15,18:52:44,-0.16849,0.144033,0.319165,0.116134,0.266513,0.054381
3703,1,11/17/15,18:52:44,-0.171145,0.215704,0.380315,0.128239,0.243091,0.069972
3704,1,11/17/15,18:52:44,-0.167108,0.277749,0.456733,0.138201,0.218143,0.086908
3705,1,11/17/15,18:52:44,-0.144922,0.334752,0.466246,0.147275,0.18982,0.103785
3706,1,11/17/15,18:52:44,-0.097963,0.384532,0.467853,0.158242,0.158833,0.130981
3707,1,11/17/15,18:52:44,-0.07919,0.390369,0.446398,0.162891,0.125059,0.166849
3708,1,11/17/15,18:52:44,-0.048204,0.343313,0.452163,0.162238,0.08993,0.199529
3709,1,11/17/15,18:52:44,-0.030812,0.310897,0.431831,0.157352,0.053165,0.220237
3710,1,11/17/15,18:52:44,-0.003066,0.277895,0.383332,0.148866,0.023885,0.236941
3711,1,11/17/15,18:52:44,0.007199,0.225957,0.328809,0.14053,-0.005742,0.251979
3712,1,11/17/15,18:52:44,0.011932,0.144887,0.272954,0.130809,-0.028703,0.264284
3713,1,11/17/15,18:52:44,-0.004951,0.07238,0.187786,0.124965,-0.043777,0.269263
3714,1,11/17/15,18:52:44,-0.018818,-0.049495,0.079263,0.118623,-0.051571,0.268137
3715,1,11/17/15,18:52:44,-0.043261,-0.156162,-0.037137,0.111694,-0.051904,0.262021
3716,1,11/17/15,18:52:44,-0.084122,-0.177762,-0.160522,0.104455,-0.04982,0.246716
3717,1,11/17/15,18:52:44,-0.106182,-0.162531,-0.242951,0.098861,-0.039842,0.239075
3718,1,11/17/15,18:52:44,-0.147886,-0.157518,-0.301405,0.092811,-0.023871,0.238851
3719,1,11/17/15,18:52:44,-0.200284,-0.162333,-0.336945,0.085729,-0.003694,0.234203
3720,1,11/17/15,18:52:44,-0.261014,-0.200276,-0.394521,0.077965,0.021828,0.217269
3721,1,11/17/15,18:52:44,-0.331404,-0.179033,-0.472642,0.068053,0.051354,0.194877
3722,1,11/17/15,18:52:44,-0.395793,-0.108848,-0.516814,0.059354,0.085031,0.173632
3723,1,11/17/15,18:52:44,-0.461964,-0.027534,-0.514985,0.055369,0.121689,0.162512
3724,1,11/17/15,18:52:44,-0.49683,0.107223,-0.479258,0.057743,0.154339,0.154236
3725,1,11/17/15,18:52:44,-0.562517,0.217289,-0.423936,0.065251,0.184122,0.145901
3726,1,11/17/15,18:52:44,-0.543029,0.247892,-0.349273,0.077663,0.21474,0.144109
3727,1,11/17/15,18:52:44,-0.579182,0.206233,-0.301663,0.091532,0.239827,0.133266
3728,1,11/17/15,18:52:45,-0.630791,0.271902,-0.202033,0.105011,0.256467,0.113138
3729,1,11/17/15,18:52:45,-0.67529,0.311427,-0.135778,0.117712,0.270827,0.097253
3730,1,11/17/15,18:52:45,-0.629686,0.194478,-0.12206,0.139635,0.277373,0.111637
3731,1,11/17/15,18:52:45,-0.678874,0.206752,-0.145309,0.157659,0.275986,0.102363
3732,1,11/17/15,18:52:45,-0.630361,0.211381,-0.052867,0.178345,0.269657,0.095398
3733,1,11/17/15,18:52:45,-0.641837,0.069099,0.036058,0.191123,0.256821,0.112313
3734,1,11/17/15,18:52:45,-0.629162,0.026871,0.114722,0.194104,0.234929,0.104472
3735,1,11/17/15,18:52:45,-0.583316,-0.095372,0.107631,0.19272,0.208324,0.110292
3736,1,11/17/15,18:52:45,-0.611519,-0.184853,0.107521,0.186181,0.182965,0.103222
3737,1,11/17/15,18:52:45,-0.653136,-0.153832,0.09349,0.177187,0.153484,0.082293
3738,1,11/17/15,18:52:45,-0.621104,-0.285286,0.118696,0.170206,0.123134,0.088813
3739,1,11/17/15,18:52:45,-0.619115,-0.241193,0.13644,0.160192,0.093793,0.073698
3740,1,11/17/15,18:52:45,-0.608106,-0.283496,0.131742,0.149635,0.063629,0.051457
3741,1,11/17/15,18:52:45,-0.674139,-0.22482,0.16302,0.137152,0.031647,0.038681
3742,1,11/17/15,18:52:45,-0.683194,-0.006521,0.207601,0.129529,-0.000709,0.018192
3743,1,11/17/15,18:52:45,-0.669856,-0.09212,0.179586,0.13516,-0.020746,0.066514
3744,1,11/17/15,18:52:45,-0.634227,-0.24912,0.142166,0.116756,-0.051508,0.078651
3745,1,11/17/15,18:52:45,-0.734497,0.195946,0.255962,0.099085,-0.078793,0.03661
3746,1,11/17/15,18:52:45,-0.685408,0.045959,0.200848,0.102485,-0.092007,0.140024
3747,1,11/17/15,18:52:45,-0.695236,-0.140932,0.165227,0.097321,-0.106637,0.187611
3748,1,11/17/15,18:52:45,-0.721539,0.020763,0.101243,0.080571,-0.126747,0.128796
3749,1,11/17/15,18:52:45,-0.762154,0.043623,0.040534,0.077454,-0.136065,0.158215
3750,1,11/17/15,18:52:45,-0.767937,-0.014374,-0.059403,0.082178,-0.136609,0.175675
3751,1,11/17/15,18:52:45,-0.796664,0.07528,-0.093414,0.089794,-0.135864,0.166131
3752,1,11/17/15,18:52:45,-0.818287,0.059434,-0.100785,0.10027,-0.129734,0.168627
3753,1,11/17/15,18:52:45,-0.962718,0.092722,-0.099541,0.113554,-0.115004,0.155976
3754,1,11/17/15,18:52:45,-0.956814,0.048635,-0.121865,0.12414,-0.105498,0.154281
3755,1,11/17/15,18:52:45,-1.048849,0.082248,-0.165747,0.136531,-0.091227,0.159805
3756,1,11/17/15,18:52:45,-1.046332,0.035232,-0.214314,0.149583,-0.075384,0.192053
3757,1,11/17/15,18:52:45,-1.026454,-0.008018,-0.243023,0.151507,-0.060143,0.201928
3758,1,11/17/15,18:52:45,-1.029069,-0.023415,-0.236929,0.146447,-0.037243,0.1958
3759,1,11/17/15,18:52:45,-1.02292,-0.109656,-0.248796,0.143639,-0.013062,0.21264
3760,1,11/17/15,18:52:45,-1.041567,-0.195723,-0.311382,0.135208,0.011425,0.221313
3761,1,11/17/15,18:52:45,-1.019959,-0.307204,-0.328843,0.121585,0.032308,0.227101
3762,1,11/17/15,18:52:45,-1.042218,-0.433299,-0.325653,0.102612,0.051122,0.228205
3763,1,11/17/15,18:52:45,-1.0309,-0.49069,-0.269535,0.077004,0.064454,0.224345
3764,1,11/17/15,18:52:45,-1.041989,-0.631243,-0.227414,0.048359,0.075185,0.219071
3765,1,11/17/15,18:52:45,-1.072465,-0.669302,-0.150777,0.020071,0.087469,0.21202
3766,1,11/17/15,18:52:45,-1.082055,-0.813184,-0.151464,-0.010108,0.096791,0.204665
3767,1,11/17/15,18:52:45,-1.127272,-0.849108,-0.035944,-0.042667,0.097539,0.195816
3768,1,11/17/15,18:52:45,-1.103816,-0.857992,-0.006527,-0.072925,0.102747,0.190371
3769,1,11/17/15,18:52:45,-1.149936,-0.913703,-0.040225,-0.102249,0.109497,0.182593
3770,1,11/17/15,18:52:45,-1.187905,-0.887195,-0.032751,-0.13495,0.115931,0.162185
3771,1,11/17/15,18:52:45,-1.190546,-0.927857,-0.064096,-0.164186,0.126942,0.151728
3772,1,11/17/15,18:52:45,-1.259149,-0.902546,-0.091802,-0.196842,0.14367,0.128626
3773,1,11/17/15,18:52:45,-1.341995,-0.826187,-0.155683,-0.230719,0.166506,0.09498
3774,1,11/17/15,18:52:45,-1.370106,-0.729879,-0.25101,-0.262811,0.195289,0.075394
3775,1,11/17/15,18:52:45,-1.44453,-0.579486,-0.383278,-0.289774,0.23418,0.063439
3776,1,11/17/15,18:52:45,-1.492956,-0.37831,-0.516174,-0.306757,0.284358,0.054007
3777,1,11/17/15,18:52:45,-1.543768,-0.18431,-0.66649,-0.316565,0.337244,0.057759
3778,1,11/17/15,18:52:45,-1.504753,0.033882,-0.804668,-0.3161,0.397653,0.071491
3779,1,11/17/15,18:52:45,-1.594673,0.301012,-0.879213,-0.307113,0.4735,0.092188
3780,1,11/17/15,18:52:45,-1.695773,0.548379,-0.968112,-0.291442,0.543233,0.111148
3781,1,11/17/15,18:52:45,-1.771454,0.702517,-0.977961,-0.258647,0.606542,0.147295
3782,1,11/17/15,18:52:45,-1.811271,0.747925,-0.909491,-0.207994,0.665062,0.164293
3783,1,11/17/15,18:52:45,-1.885162,0.728304,-0.745226,-0.142665,0.728235,0.146898
3784,1,11/17/15,18:52:45,-1.989111,0.69883,-0.603924,-0.078341,0.786457,0.10289
3785,1,11/17/15,18:52:45,-2.069309,0.767818,-0.557816,-0.012712,0.831676,0.067495
3786,1,11/17/15,18:52:45,-2.121298,0.789735,-0.590715,0.045789,0.858936,0.047716
3787,1,11/17/15,18:52:45,-2.196422,0.7527,-0.636966,0.089819,0.874468,0.031476
3788,1,11/17/15,18:52:45,-2.368972,0.756222,-0.685183,0.111315,0.868708,-0.007989
3789,1,11/17/15,18:52:45,-2.546231,0.759044,-0.642511,0.119941,0.866047,-0.043459
3790,1,11/17/15,18:52:45,-1.852571,1.360585,-0.649509,0.122227,0.815538,-0.065123
3791,1,11/17/15,18:52:45,0.320223,3.153089,-0.366593,0.153733,0.68874,-0.086286
3792,1,11/17/15,18:52:45,0.564001,4.505789,1.372124,0.259958,0.515705,-0.083185
3793,1,11/17/15,18:52:45,0.291066,4.010496,3.764735,0.431692,0.394465,-0.044216
3794,1,11/17/15,18:52:45,0.569182,3.303132,3.307774,0.638402,0.211042,-0.080025
3795,1,11/17/15,18:52:45,0.753472,3.344704,2.350103,0.760062,-0.011261,-0.191754
3796,1,11/17/15,18:52:45,1.454647,3.145439,2.026257,0.77679,-0.190187,-0.160096
3797,1,11/17/15,18:52:45,1.361709,2.143433,1.80291,0.655367,-0.315241,-0.054016
3798,1,11/17/15,18:52:45,1.325652,1.500083,1.622956,0.469686,-0.443085,-0.098641
3799,1,11/17/15,18:52:45,1.407105,0.818262,0.844663,0.34965,-0.555644,-0.029503
3800,1,11/17/15,18:52:45,1.265546,0.14778,0.168479,0.265861,-0.572403,0.016371
3801,1,11/17/15,18:52:45,1.453954,-0.610658,-0.310424,0.188994,-0.523226,-0.02337
3802,1,11/17/15,18:52:45,1.990503,-1.411609,-0.834671,0.093898,-0.412775,-0.050013
3803,1,11/17/15,18:52:45,2.197669,-2.098545,-1.277895,-0.000812,-0.253635,-0.032896
3804,1,11/17/15,18:52:45,2.510352,-2.608254,-1.274363,-0.061274,-0.092736,-0.062842
3805,1,11/17/15,18:52:45,2.411043,-2.42257,-0.516133,-0.072791,0.021143,-0.098663
3806,1,11/17/15,18:52:45,2.417924,-1.793796,0.484939,-0.015416,0.087885,-0.110188
3807,1,11/17/15,18:52:45,2.140157,-0.871818,0.903456,0.126079,0.1251,-0.087472
3808,1,11/17/15,18:52:45,1.854013,-0.163121,1.026703,0.306383,0.139386,-0.007279
3809,1,11/17/15,18:52:45,1.587018,0.127278,1.124572,0.462042,0.121617,0.068572
3810,1,11/17/15,18:52:45,1.355323,0.178345,0.919757,0.537379,0.096666,0.143121
3811,1,11/17/15,18:52:45,1.32144,-0.009985,0.672136,0.517396,0.075214,0.19323
3812,1,11/17/15,18:52:45,1.180318,0.277112,0.684367,0.40919,0.030238,0.161245
3813,1,11/17/15,18:52:45,1.425226,0.266691,0.897239,0.245765,-0.059979,0.074397
3814,1,11/17/15,18:52:45,1.64159,-0.012912,1.41395,0.088462,-0.15308,0.13903
3815,1,11/17/15,18:52:45,1.877441,-0.272493,1.727675,-0.060527,-0.272851,0.182175
3816,1,11/17/15,18:52:45,1.914958,-0.41791,1.773811,-0.177185,-0.386867,0.180794
3817,1,11/17/15,18:52:45,1.65842,-0.160519,1.676287,-0.273984,-0.491075,0.155016
3818,1,11/17/15,18:52:45,1.404829,0.127789,1.365215,-0.356375,-0.574413,0.155258
3819,1,11/17/15,18:52:45,1.063369,0.02633,1.026623,-0.434325,-0.626272,0.143443
3820,1,11/17/15,18:52:45,0.75729,0.178615,0.564222,-0.4757,-0.645749,0.123705
3821,1,11/17/15,18:52:45,0.546262,-0.187451,0.113865,-0.500328,-0.632945,0.143462
3822,1,11/17/15,18:52:45,0.38486,-0.376752,-0.244954,-0.511662,-0.596519,0.137395
3823,1,11/17/15,18:52:45,0.214289,-0.414596,-0.415964,-0.521341,-0.549861,0.110179
3824,1,11/17/15,18:52:45,0.055713,-0.419,-0.513278,-0.516053,-0.495378,0.108651
3825,1,11/17/15,18:52:45,0.02463,-0.504606,-0.380831,-0.513917,-0.447587,0.099056
3826,1,11/17/15,18:52:45,-0.091364,-0.441851,0.046825,-0.509437,-0.412257,0.098252
3827,1,11/17/15,18:52:45,-0.044237,-0.665452,0.524043,-0.495145,-0.386124,0.107013
3828,1,11/17/15,18:52:45,-0.174442,-0.744098,0.713749,-0.450664,-0.363887,0.108224
3829,1,11/17/15,18:52:45,-0.311705,-0.516583,0.832883,-0.393359,-0.351467,0.13056
3830,1,11/17/15,18:52:45,-0.261032,-0.897712,0.897131,-0.339269,-0.336822,0.216121
3831,1,11/17/15,18:52:45,-0.385988,-0.863535,0.916838,-0.276584,-0.339509,0.236013
3832,1,11/17/15,18:52:45,-0.357405,-0.994522,0.950508,-0.215325,-0.346015,0.278815
3833,1,11/17/15,18:52:46,-0.422785,-1.269274,1.048904,-0.153454,-0.351947,0.318166
3834,1,11/17/15,18:52:46,-0.548881,-1.142069,0.828388,-0.099558,-0.370385,0.306073
3835,1,11/17/15,18:52:46,-0.65756,-1.111946,0.748928,-0.072586,-0.393384,0.292354
3836,1,11/17/15,18:52:46,-0.776228,-1.296688,0.610418,-0.053722,-0.401717,0.297431
3837,1,11/17/15,18:52:46,-0.986446,-1.321501,0.425899,-0.017157,-0.396817,0.30425
3838,1,11/17/15,18:52:46,-1.200276,-1.059167,0.295939,0.014851,-0.391479,0.272159
3839,1,11/17/15,18:52:46,-1.267861,-1.176922,0.184379,0.035537,-0.368867,0.300919
3840,1,11/17/15,18:52:46,-1.331008,-1.400363,0.159133,0.055854,-0.348954,0.323274
3841,1,11/17/15,18:52:46,-1.475956,-1.528067,0.149458,0.07691,-0.334881,0.274861
3842,1,11/17/15,18:52:46,-1.671879,-1.30835,0.165064,0.110557,-0.326649,0.217212
3843,1,11/17/15,18:52:46,-1.73375,-1.431494,0.265351,0.138798,-0.338278,0.167812
3844,1,11/17/15,18:52:46,-1.792435,-1.519728,0.399855,0.171226,-0.346833,0.099239
3845,1,11/17/15,18:52:46,-1.774975,-1.588661,0.649858,0.199327,-0.370198,-0.006397
3846,1,11/17/15,18:52:46,-1.596884,-1.696785,1.097486,0.217835,-0.395403,-0.121558
3847,1,11/17/15,18:52:46,-1.342524,-1.461014,1.640132,0.223637,-0.404762,-0.250151
3848,1,11/17/15,18:52:46,-0.9417,-1.100505,2.120817,0.195705,-0.397608,-0.333931
3849,1,11/17/15,18:52:46,-0.512887,-0.403927,2.125358,0.126827,-0.351672,-0.397597
3850,1,11/17/15,18:52:46,-0.103083,0.236863,1.510296,0.026595,-0.26585,-0.41955
3851,1,11/17/15,18:52:46,-0.132284,0.694193,0.576853,-0.091773,-0.144324,-0.399406
3852,1,11/17/15,18:52:46,-0.820362,1.427892,-0.511713,-0.231838,-0.015362,-0.45838
3853,1,11/17/15,18:52:46,-0.943996,1.726141,-1.397942,-0.401446,0.098461,-0.498691
3854,1,11/17/15,18:52:46,-1.97739,1.61006,-1.740793,-0.574202,0.200224,-0.504574
3855,1,11/17/15,18:52:46,-2.779065,1.43811,-1.176415,-0.72647,0.261332,-0.504057
3856,1,11/17/15,18:52:46,-3.305123,1.712475,-0.172165,-0.808725,0.286513,-0.448926
3857,1,11/17/15,18:52:46,-3.071413,2.282368,0.777385,-0.811527,0.287204,-0.368048
3858,1,11/17/15,18:52:46,-1.097915,4.160193,1.582573,-0.742946,0.314985,-0.286835
3859,1,11/17/15,18:52:46,-0.972693,6.402685,1.040334,-0.643478,0.437773,-0.168206
3860,1,11/17/15,18:52:46,-1.014547,6.184507,-0.496553,-0.607745,0.493035,-0.117056
3861,1,11/17/15,18:52:46,2.098321,5.045552,-0.329396,-0.65469,0.628401,0.090846
3862,1,11/17/15,18:52:46,1.723507,5.232899,-1.832702,-0.793674,0.773529,-0.192488
3863,1,11/17/15,18:52:46,2.142193,4.784189,-2.734059,-0.940579,0.888325,-0.323119
3864,1,11/17/15,18:52:46,1.902184,3.061426,-1.889073,-0.995908,1.007971,-0.138343
3865,1,11/17/15,18:52:46,1.799481,2.059987,-2.200526,-1.043446,1.014731,-0.182427
3866,1,11/17/15,18:52:46,2.381282,0.696509,-1.378074,-1.112,0.982546,-0.122908
3867,1,11/17/15,18:52:46,3.356699,-0.885398,0.135449,-1.073762,0.880115,-0.014456
3868,1,11/17/15,18:52:46,4.399033,-2.005444,2.000402,-0.929912,0.678606,-0.056658
3869,1,11/17/15,18:52:46,4.739464,-2.726059,3.710367,-0.712283,0.476936,-0.144798
3870,1,11/17/15,18:52:46,4.474569,-2.921474,4.356435,-0.467338,0.309514,-0.176246
3871,1,11/17/15,18:52:46,3.997286,-3.225186,3.543597,-0.249799,0.154967,-0.131579
3872,1,11/17/15,18:52:46,3.32678,-2.549413,2.180057,-0.118413,0.021657,-0.061148
3873,1,11/17/15,18:52:46,3.062781,-1.779885,0.8873,-0.104973,-0.080431,0.034546
3874,1,11/17/15,18:52:46,2.288357,-0.44236,-0.632245,-0.179641,-0.129911,0.000625
3875,1,11/17/15,18:52:46,1.654551,0.144214,-1.59948,-0.277692,-0.171576,-0.015104
3876,1,11/17/15,18:52:46,1.262412,0.520203,-1.829336,-0.331391,-0.199245,-0.03269
3877,1,11/17/15,18:52:46,1.242246,0.405341,-1.411213,-0.306495,-0.192681,0.055135
3878,1,11/17/15,18:52:46,1.324263,0.110934,-1.15273,-0.211937,-0.145453,0.12635
3879,1,11/17/15,18:52:46,1.457979,-0.0483,-1.100437,-0.099537,-0.128839,0.104637
3880,1,11/17/15,18:52:46,1.133095,0.446934,-1.023044,0.043658,-0.098424,0.012966
3881,1,11/17/15,18:52:46,0.985318,0.32501,-1.239826,0.213596,-0.03662,-0.00604
3882,1,11/17/15,18:52:46,0.540892,0.438705,-1.385581,0.356583,-0.005056,-0.055387
3883,1,11/17/15,18:52:46,0.443542,0.00708,-1.416561,0.468411,0.034626,-0.058292
3884,1,11/17/15,18:52:46,0.402101,-0.661112,-1.218309,0.533942,0.075828,-0.041803
3885,1,11/17/15,18:52:46,0.231029,-0.728755,-1.050562,0.543619,0.080326,-0.134674
3886,1,11/17/15,18:52:46,0.231184,-0.715551,-0.748966,0.5338,0.093307,-0.132364
3887,1,11/17/15,18:52:46,0.221302,-0.752773,-0.540881,0.530922,0.117376,-0.062363
3888,1,11/17/15,18:52:46,0.257206,-0.952833,-0.387299,0.532884,0.130518,-0.002466
3889,1,11/17/15,18:52:46,0.071119,-0.966498,-0.441113,0.534263,0.134093,0.004702
3890,1,11/17/15,18:52:46,0.049885,-0.932882,-0.584606,0.547143,0.138477,-0.002855
3891,1,11/17/15,18:52:46,0.016042,-1.347225,-0.699129,0.5629,0.151513,0.047082
3892,1,11/17/15,18:52:46,-0.163105,-1.273776,-0.822617,0.547363,0.134027,-0.013471
3893,1,11/17/15,18:52:46,-0.172294,-1.301472,-0.830124,0.510847,0.107942,-0.046492
3894,1,11/17/15,18:52:46,-0.396989,-1.123188,-0.683402,0.469242,0.091726,-0.078029
3895,1,11/17/15,18:52:46,-0.533384,-1.189204,-0.419051,0.404396,0.07221,-0.092343
3896,1,11/17/15,18:52:46,-0.628555,-1.421476,-0.153302,0.320022,0.049636,-0.051087
3897,1,11/17/15,18:52:46,-0.665062,-1.590864,-0.090747,0.231489,0.021751,-0.043495
3898,1,11/17/15,18:52:46,-0.962504,-1.425577,-0.058582,0.138909,-0.006845,-0.064855
3899,1,11/17/15,18:52:46,-0.994399,-1.38249,-0.05088,0.050079,-0.032053,-0.030174
3900,1,11/17/15,18:52:46,-1.225224,-1.257356,-0.12096,-0.024065,-0.042753,0.028812
3901,1,11/17/15,18:52:46,-1.467046,-1.191078,-0.248303,-0.075019,-0.048076,0.076143
3902,1,11/17/15,18:52:46,-1.673775,-1.019223,-0.319271,-0.113382,-0.054749,0.135483
3903,1,11/17/15,18:52:46,-1.912814,-0.739639,-0.446268,-0.143985,-0.047807,0.198173
3904,1,11/17/15,18:52:46,-1.955568,-0.652737,-0.503654,-0.161075,-0.023736,0.289058
3905,1,11/17/15,18:52:46,-1.928163,-0.882284,-0.502563,-0.177331,0.010649,0.333779
3906,1,11/17/15,18:52:46,-1.829969,-1.297527,-0.468753,-0.198139,0.057263,0.286138
3907,1,11/17/15,18:52:46,-2.014502,-1.698576,-0.470144,-0.224508,0.119193,0.116327
3908,1,11/17/15,18:52:46,-2.201946,-1.851625,-0.633864,-0.247799,0.195244,-0.116486
3909,1,11/17/15,18:52:46,-2.110062,-1.702484,-1.200751,-0.245525,0.289974,-0.292046
3910,1,11/17/15,18:52:46,-1.942845,-1.243684,-2.057817,-0.212185,0.405588,-0.384604
3911,1,11/17/15,18:52:46,-1.750348,-0.62583,-3.02291,-0.165538,0.506171,-0.414429
3912,1,11/17/15,18:52:46,-1.418408,-0.198068,-3.310576,-0.102591,0.570764,-0.343284
3913,1,11/17/15,18:52:46,-1.116939,0.170571,-2.857392,-0.049519,0.568473,-0.263666
3914,1,11/17/15,18:52:46,-1.100365,0.411767,-2.030195,-0.000231,0.52642,-0.186923
3915,1,11/17/15,18:52:46,-1.11275,0.892048,-0.864466,0.061442,0.44445,-0.122718
3916,1,11/17/15,18:52:46,-1.555501,1.155071,0.548526,0.118424,0.322565,-0.086226
3917,1,11/17/15,18:52:46,-2.974142,1.197279,1.9909,0.16876,0.258621,-0.160203
3918,1,11/17/15,18:52:46,-4.115946,1.378289,2.649917,0.216526,0.246463,-0.294792
3919,1,11/17/15,18:52:46,-4.265079,2.526698,1.789773,0.308992,0.28042,-0.369042
3920,1,11/17/15,18:52:46,-1.570804,5.195648,-0.025161,0.449555,0.270845,-0.24389
3921,1,11/17/15,18:52:46,1.225733,8.647004,-0.287748,0.654937,0.132474,0.127537
3922,1,11/17/15,18:52:46,0.943644,9.350355,2.999345,0.985468,0.033131,0.293326
3923,1,11/17/15,18:52:46,4.445433,6.978546,4.228009,1.374876,-0.043516,0.514815
3924,1,11/17/15,18:52:46,3.666608,4.171086,5.231427,1.597471,-0.3452,0.206148
3925,1,11/17/15,18:52:46,4.358951,4.06206,2.837818,1.619593,-0.793309,-0.351187
3926,1,11/17/15,18:52:46,3.497193,2.840468,2.497861,1.493266,-0.922255,-0.305792
3927,1,11/17/15,18:52:46,3.098582,1.432625,2.327338,1.405783,-0.880083,-0.377633
3928,1,11/17/15,18:52:46,3.490875,0.052923,0.804302,1.305065,-0.756831,-0.345462
3929,1,11/17/15,18:52:46,3.84572,-0.821167,-2.23379,1.118797,-0.486158,-0.252765
3930,1,11/17/15,18:52:46,3.717439,-1.999507,-5.257112,0.864121,-0.175417,-0.070629
3931,1,11/17/15,18:52:46,3.401513,-3.660341,-6.187769,0.543937,0.040907,0.080867
3932,1,11/17/15,18:52:46,2.646718,-3.750172,-5.590881,0.26977,0.243299,0.032968
3933,1,11/17/15,18:52:46,2.476469,-2.629809,-3.868922,0.148752,0.37456,-0.039807
3934,1,11/17/15,18:52:46,2.051517,-0.718934,-1.785063,0.189545,0.417827,-0.08126
3935,1,11/17/15,18:52:46,1.551047,1.138253,0.470059,0.299595,0.432875,-0.066733
3936,1,11/17/15,18:52:46,1.375752,2.491207,1.86696,0.398134,0.426678,-0.025701
3937,1,11/17/15,18:52:46,1.812889,2.081326,2.357871,0.48902,0.429613,0.262935
3938,1,11/17/15,18:52:47,2.503544,0.446,2.13205,0.518029,0.406036,0.615356
3939,1,11/17/15,18:52:47,2.47904,-0.77379,2.280767,0.452094,0.335255,0.686716
3940,1,11/17/15,18:52:47,2.481871,-0.718937,2.52228,0.278069,0.18826,0.49101
3941,1,11/17/15,18:52:47,1.868054,-0.638148,2.690021,0.03602,0.047916,0.367672
3942,1,11/17/15,18:52:47,1.597771,-0.965562,2.633283,-0.232789,-0.081487,0.27165
3943,1,11/17/15,18:52:47,0.896473,-1.053299,2.06483,-0.453845,-0.151619,0.224578
3944,1,11/17/15,18:52:47,0.423904,-1.101723,1.392792,-0.62313,-0.207031,0.11495
3945,1,11/17/15,18:52:47,-0.122383,-0.994931,0.755009,-0.722191,-0.247527,0.063624
3946,1,11/17/15,18:52:47,-0.255449,-1.156773,0.11051,-0.75125,-0.272579,0.076137
3947,1,11/17/15,18:52:47,-0.450217,-1.214539,-0.181297,-0.72636,-0.280969,0.064482
3948,1,11/17/15,18:52:47,-0.394463,-1.42469,-0.279706,-0.652604,-0.268528,0.139031
3949,1,11/17/15,18:52:47,-0.336574,-1.54151,-0.284993,-0.592102,-0.255282,0.166693
3950,1,11/17/15,18:52:47,-0.363052,-1.56139,0.109589,-0.572975,-0.24372,0.144095
3951,1,11/17/15,18:52:47,-0.460841,-1.439101,0.593191,-0.548519,-0.236961,0.137283
3952,1,11/17/15,18:52:47,-0.446086,-1.385542,0.896642,-0.518698,-0.244115,0.154475
3953,1,11/17/15,18:52:47,-0.435297,-1.185707,0.986553,-0.484233,-0.250851,0.127752
3954,1,11/17/15,18:52:47,-0.567785,-1.11656,0.970145,-0.429309,-0.241357,0.123094
3955,1,11/17/15,18:52:47,-0.587097,-1.134198,0.913654,-0.350497,-0.222697,0.116945
3956,1,11/17/15,18:52:47,-0.616343,-1.526406,0.9345,-0.259342,-0.185406,0.15367
3957,1,11/17/15,18:52:47,-0.693427,-1.589001,0.878216,-0.173966,-0.151703,0.151934
3958,1,11/17/15,18:52:47,-0.807503,-1.5603,0.724253,-0.104126,-0.124986,0.149747
3959,1,11/17/15,18:52:47,-0.819633,-1.715875,0.585791,-0.042888,-0.093178,0.195091
3960,1,11/17/15,18:52:47,-1.011666,-1.669966,0.424099,-0.013053,-0.093551,0.189167
3961,1,11/17/15,18:52:47,-1.239155,-1.506096,0.400296,0.021017,-0.096233,0.209966
3962,1,11/17/15,18:52:47,-1.327504,-1.542767,0.537189,0.059219,-0.10787,0.27383
3963,1,11/17/15,18:52:47,-1.430723,-1.489226,0.622557,0.101594,-0.127458,0.315634
3964,1,11/17/15,18:52:47,-1.448791,-1.539958,0.830216,0.140438,-0.151115,0.316116
3965,1,11/17/15,18:52:47,-1.569405,-1.698178,0.914483,0.163351,-0.193546,0.264683
3966,1,11/17/15,18:52:47,-1.742717,-2.184266,0.955253,0.177328,-0.256972,0.15004
3967,1,11/17/15,18:52:47,-1.971911,-2.392347,1.159828,0.203414,-0.348414,-0.030665
3968,1,11/17/15,18:52:47,-1.914065,-2.341443,1.622828,0.221931,-0.469973,-0.227984
3969,1,11/17/15,18:52:47,-1.550092,-1.842088,2.361276,0.237273,-0.598888,-0.354451
3970,1,11/17/15,18:52:47,-1.238548,-1.346551,3.256308,0.223761,-0.703321,-0.433403
3971,1,11/17/15,18:52:47,-0.559116,-0.377641,3.551541,0.160266,-0.766335,-0.486628
3972,1,11/17/15,18:52:47,-0.025503,0.692361,3.164662,0.060634,-0.760408,-0.467404
3973,1,11/17/15,18:52:47,0.13904,1.398262,2.239583,-0.07673,-0.678375,-0.357379
3974,1,11/17/15,18:52:47,-0.294118,1.758512,1.017661,-0.251829,-0.540618,-0.289677
3975,1,11/17/15,18:52:47,-1.429946,2.288907,-0.482491,-0.46354,-0.40417,-0.412351
3976,1,11/17/15,18:52:47,-2.990797,2.661852,-1.867965,-0.685177,-0.323098,-0.561419
3977,1,11/17/15,18:52:47,-4.141078,2.848086,-1.95807,-0.889077,-0.289762,-0.604215
3978,1,11/17/15,18:52:47,-2.502087,4.641745,-1.476182,-1.010377,-0.28725,-0.529928
3979,1,11/17/15,18:52:47,-1.041606,7.704975,-2.054217,-1.076892,-0.142583,-0.313405
3980,1,11/17/15,18:52:47,-1.622631,7.737442,-3.86652,-1.131404,0.014379,-0.027842
3981,1,11/17/15,18:52:47,3.056229,6.816884,-2.282707,-1.195658,0.368457,0.416611
3982,1,11/17/15,18:52:47,1.878274,7.129694,-4.391429,-1.321738,0.680646,0.152212
3983,1,11/17/15,18:52:47,3.1894,6.87746,-5.600213,-1.499215,0.94835,-0.111415
3984,1,11/17/15,18:52:47,2.472706,4.454779,-4.047191,-1.517578,1.228052,0.198049
3985,1,11/17/15,18:52:47,1.540717,2.027544,-3.109889,-1.462634,1.280363,0.228974
3986,1,11/17/15,18:52:47,2.225404,0.030682,-0.51501,-1.337774,1.178026,0.26244
3987,1,11/17/15,18:52:47,3.439771,-0.921505,2.739716,-1.093076,0.864424,0.245836
3988,1,11/17/15,18:52:47,4.589186,-0.870946,5.716152,-0.844511,0.450983,0.007968
3989,1,11/17/15,18:52:47,4.547288,-1.063449,7.644573,-0.627194,0.081837,-0.277317
3990,1,11/17/15,18:52:47,4.512294,-1.229053,7.290042,-0.428229,-0.185776,-0.182427
3991,1,11/17/15,18:52:47,4.07466,-1.817065,4.855948,-0.267869,-0.364157,0.04967
3992,1,11/17/15,18:52:47,3.656622,-1.879889,2.150233,-0.166491,-0.410739,0.278821
3993,1,11/17/15,18:52:47,3.371057,-1.220466,-0.412128,-0.111855,-0.415314,0.329582
3994,1,11/17/15,18:52:47,2.667514,0.164363,-3.527597,-0.110919,-0.37846,0.250894
3995,1,11/17/15,18:52:47,1.58093,0.387603,-5.652829,-0.160292,-0.29409,0.175812
3996,1,11/17/15,18:52:47,0.716962,-0.010136,-5.794871,-0.194065,-0.273658,0.085143
3997,1,11/17/15,18:52:47,0.803777,-1.406208,-4.400819,-0.117562,-0.204524,0.222042
3998,1,11/17/15,18:52:47,0.965952,-2.107588,-3.023093,0.048557,-0.086575,0.401989
3999,1,11/17/15,18:52:47,0.785446,-1.571736,-1.954966,0.21512,-0.035008,0.277594
4000,1,11/17/15,18:52:47,0.67218,-1.405669,-0.828283,0.384414,0.010991,0.153469
4001,1,11/17/15,18:52:47,0.179823,-0.476806,-0.233202,0.511009,0.011073,-0.00104
4002,1,11/17/15,18:52:47,0.192404,-0.761999,-0.202675,0.592741,0.070064,-0.02678
4003,1,11/17/15,18:52:47,-0.22085,-1.181854,-0.47825,0.614263,0.103374,-0.025574
4004,1,11/17/15,18:52:47,-0.34526,-1.29143,-1.015072,0.577657,0.080186,-0.110058
4005,1,11/17/15,18:52:47,-0.308975,-1.44548,-1.16035,0.497055,0.062901,-0.110315
4006,1,11/17/15,18:52:47,-0.441744,-1.386628,-1.076103,0.417366,0.071242,-0.093397
4007,1,11/17/15,18:52:47,-0.358115,-1.237278,-0.821655,0.372939,0.071157,-0.099688
4008,1,11/17/15,18:52:47,-0.240287,-1.505347,-0.774846,0.355482,0.102154,-0.053687
4009,1,11/17/15,18:52:47,-0.236722,-1.68683,-0.497453,0.34433,0.125153,-0.046627
4010,1,11/17/15,18:52:47,-0.344232,-1.433641,-0.3719,0.315438,0.113732,-0.084877
4011,1,11/17/15,18:52:47,-0.279838,-1.520839,-0.340849,0.288958,0.128738,0.004524
4012,1,11/17/15,18:52:47,-0.441744,-1.362477,-0.516666,0.25544,0.111355,-0.035195
4013,1,11/17/15,18:52:47,-0.722274,-1.083196,-0.711128,0.218237,0.096258,-0.06319
4014,1,11/17/15,18:52:47,-0.561753,-1.617523,-0.813376,0.158499,0.090185,0.026477
4015,1,11/17/15,18:52:47,-0.681365,-1.701578,-0.809386,0.08268,0.059322,0.024853
4016,1,11/17/15,18:52:47,-0.94808,-1.398896,-0.635526,0.00749,0.01736,-0.038165
4017,1,11/17/15,18:52:47,-0.965959,-1.432756,-0.442844,-0.060107,-0.015863,-0.050633
4018,1,11/17/15,18:52:47,-1.193171,-1.412034,-0.240287,-0.111682,-0.06261,-0.087373
4019,1,11/17/15,18:52:47,-1.362759,-1.475734,-0.108516,-0.149044,-0.100391,-0.084098
4020,1,11/17/15,18:52:47,-1.523942,-1.462254,-0.043999,-0.172532,-0.127197,-0.089991
4021,1,11/17/15,18:52:47,-1.723591,-1.355042,-0.163415,-0.175155,-0.132666,-0.08461
4022,1,11/17/15,18:52:47,-1.90336,-1.183263,-0.391366,-0.17391,-0.11718,-0.072467
4023,1,11/17/15,18:52:47,-2.253607,-0.929853,-0.64305,-0.169686,-0.076363,-0.034476
4024,1,11/17/15,18:52:47,-2.236315,-0.976552,-0.936391,-0.184965,-0.02338,0.040373
4025,1,11/17/15,18:52:47,-2.291723,-1.064544,-1.251603,-0.212258,0.065945,0.072796
4026,1,11/17/15,18:52:47,-2.250888,-1.40793,-1.498535,-0.256398,0.194325,0.028994
4027,1,11/17/15,18:52:47,-2.444028,-1.806487,-1.773351,-0.318965,0.349829,-0.146122
4028,1,11/17/15,18:52:47,-2.509672,-1.963232,-2.256173,-0.376407,0.516391,-0.344938
4029,1,11/17/15,18:52:47,-2.386725,-1.925351,-3.135548,-0.406838,0.695124,-0.491806
4030,1,11/17/15,18:52:47,-2.209112,-1.59498,-4.064061,-0.385567,0.848822,-0.583858
4031,1,11/17/15,18:52:47,-1.839923,-0.709707,-4.415457,-0.319774,0.937763,-0.61274
4032,1,11/17/15,18:52:47,-0.829421,0.253514,-4.019007,-0.20424,0.923994,-0.468019
4033,1,11/17/15,18:52:47,-0.177746,0.969039,-2.868781,-0.037597,0.810546,-0.26078
4034,1,11/17/15,18:52:47,-0.331306,1.100029,-0.982899,0.12975,0.646718,-0.051931
4035,1,11/17/15,18:52:47,-1.84833,0.367829,1.608792,0.267792,0.472872,-0.118254
4036,1,11/17/15,18:52:47,-3.593686,0.839262,3.501445,0.392682,0.272877,-0.618352
4037,1,11/17/15,18:52:47,-4.175797,2.83161,3.230541,0.527386,0.151145,-0.985195
4038,1,11/17/15,18:52:47,-0.983374,6.061348,1.323887,0.706313,0.160713,-0.743245
4039,1,11/17/15,18:52:47,1.762771,9.802171,1.230152,0.952414,0.080596,-0.032154
4040,1,11/17/15,18:52:48,1.810292,11.045655,4.902625,1.252482,-0.112115,0.436665
4041,1,11/17/15,18:52:48,4.304187,8.389565,5.718305,1.60671,-0.329805,0.78196
4042,1,11/17/15,18:52:48,3.903558,5.591433,6.937275,1.789771,-0.754233,0.616049
4043,1,11/17/15,18:52:48,4.613275,6.422361,5.322938,1.853795,-1.377962,-0.165779
4044,1,11/17/15,18:52:48,3.347441,3.634013,3.593282,1.790084,-1.606438,-0.110025
4045,1,11/17/15,18:52:48,2.106284,0.968578,1.201065,1.548509,-1.608684,-0.04022
4046,1,11/17/15,18:52:48,3.498851,0.293018,-0.619988,1.252647,-1.385385,-0.009506
4047,1,11/17/15,18:52:48,3.621087,-0.396091,-4.448807,0.955691,-1.041303,-0.036607
4048,1,11/17/15,18:52:48,3.782938,-1.956131,-7.273565,0.678024,-0.665301,-0.106809
4049,1,11/17/15,18:52:48,2.861796,-2.726193,-7.704249,0.413509,-0.380398,-0.160908
4050,1,11/17/15,18:52:48,1.93261,-2.802223,-6.891815,0.225528,-0.132438,-0.175677
4051,1,11/17/15,18:52:48,1.589242,-1.467504,-4.922517,0.150969,0.044862,-0.059584
4052,1,11/17/15,18:52:48,1.883742,-0.478627,-2.527572,0.171186,0.10771,0.184
4053,1,11/17/15,18:52:48,2.565899,0.003338,0.749024,0.268415,0.10056,0.360455
4054,1,11/17/15,18:52:48,2.65333,1.007081,3.478666,0.406243,0.034707,0.295255
4055,1,11/17/15,18:52:48,2.45354,1.46931,4.778788,0.492582,-0.081526,0.309748
4056,1,11/17/15,18:52:48,2.47858,0.226748,5.008998,0.49839,-0.186138,0.520845
4057,1,11/17/15,18:52:48,2.341892,-1.562687,4.193445,0.447335,-0.286794,0.709013
4058,1,11/17/15,18:52:48,2.405055,-2.528851,4.095369,0.259267,-0.433004,0.612562
4059,1,11/17/15,18:52:48,1.368043,-1.820289,3.423941,-0.003699,-0.566666,0.311585
4060,1,11/17/15,18:52:48,0.757499,-0.97799,2.374401,-0.293878,-0.683646,0.114248
4061,1,11/17/15,18:52:48,-0.073942,-0.613023,1.588064,-0.534613,-0.732242,-0.008927
4062,1,11/17/15,18:52:48,-0.21479,-1.112125,0.715946,-0.696583,-0.738554,0.058575
4063,1,11/17/15,18:52:48,-0.762552,-0.938609,-0.257528,-0.789735,-0.741205,-0.087462
4064,1,11/17/15,18:52:48,-0.792829,-1.058852,-0.871958,-0.787277,-0.711987,-0.095381
4065,1,11/17/15,18:52:48,-0.622612,-1.340713,-1.458156,-0.72775,-0.671241,-0.070258
4066,1,11/17/15,18:52:48,-0.704643,-1.09069,-1.571526,-0.639611,-0.635377,-0.06858
4067,1,11/17/15,18:52:48,-0.451984,-1.028729,-1.099765,-0.54873,-0.599969,0.019934
4068,1,11/17/15,18:52:48,-0.317629,-0.80251,-0.258459,-0.454294,-0.564431,0.118795
4069,1,11/17/15,18:52:48,-0.165722,-0.906779,0.574765,-0.356639,-0.543284,0.238441
4070,1,11/17/15,18:52:48,-0.203799,-0.670284,1.288492,-0.284033,-0.537399,0.267162
4071,1,11/17/15,18:52:48,-0.143512,-0.812041,1.624515,-0.215561,-0.516121,0.319033
4072,1,11/17/15,18:52:48,-0.366922,-0.767424,1.625804,-0.145432,-0.482292,0.33583
4073,1,11/17/15,18:52:48,-0.475813,-0.927921,1.357574,-0.102556,-0.45257,0.322809
4074,1,11/17/15,18:52:48,-0.524965,-1.233501,0.757606,-0.075663,-0.424523,0.333086
4075,1,11/17/15,18:52:48,-0.706362,-1.313267,0.366402,-0.049425,-0.395775,0.332893
4076,1,11/17/15,18:52:48,-0.916608,-1.387994,0.081467,-0.019698,-0.366425,0.328995
4077,1,11/17/15,18:52:48,-1.095455,-1.575004,0.021222,0.013849,-0.336161,0.379837
4078,1,11/17/15,18:52:48,-1.22603,-1.618458,0.09741,0.045239,-0.322479,0.413624
4079,1,11/17/15,18:52:48,-1.359895,-1.62932,0.205831,0.079311,-0.320895,0.444647
4080,1,11/17/15,18:52:48,-1.455326,-1.719427,0.375582,0.114474,-0.331047,0.461748
4081,1,11/17/15,18:52:48,-1.578457,-1.896122,0.565706,0.165496,-0.332446,0.443996
4082,1,11/17/15,18:52:48,-1.611252,-2.343908,0.812972,0.210287,-0.340161,0.38641
4083,1,11/17/15,18:52:48,-1.888954,-2.663658,0.952326,0.250313,-0.352786,0.26225
4084,1,11/17/15,18:52:48,-1.93632,-2.955699,1.180117,0.285603,-0.376943,0.092395
4085,1,11/17/15,18:52:48,-1.996061,-3.056599,1.516397,0.309937,-0.405144,-0.111523
4086,1,11/17/15,18:52:48,-1.739201,-2.579954,1.911128,0.309324,-0.421314,-0.324007
4087,1,11/17/15,18:52:48,-1.402296,-1.901859,2.069558,0.28524,-0.399522,-0.421466
4088,1,11/17/15,18:52:48,-0.873548,-0.819986,1.625788,0.22809,-0.351043,-0.413051
4089,1,11/17/15,18:52:48,-0.095343,0.335401,0.742562,0.142096,-0.265758,-0.356768
4090,1,11/17/15,18:52:48,-0.064074,1.228809,-0.223865,0.034076,-0.106693,-0.297381
4091,1,11/17/15,18:52:48,0.065004,1.492403,-1.033598,-0.108831,0.101957,-0.208604
4092,1,11/17/15,18:52:48,-1.22265,1.269062,-1.710096,-0.268726,0.291778,-0.21171
4093,1,11/17/15,18:52:48,-2.766862,1.07905,-2.005548,-0.408879,0.374853,-0.353819
4094,1,11/17/15,18:52:48,-3.820107,1.470689,-1.153025,-0.51415,0.363232,-0.441965
4095,1,11/17/15,18:52:48,-4.091221,2.121386,-0.204998,-0.594083,0.294993,-0.473149
4096,1,11/17/15,18:52:48,-2.338578,3.938053,0.923335,-0.619037,0.272503,-0.365239
4097,1,11/17/15,18:52:48,0.010639,7.656527,1.781273,-0.617701,0.357556,-0.152424
4098,1,11/17/15,18:52:48,-1.545678,8.73985,-0.104712,-0.725131,0.455321,0.039956
4099,1,11/17/15,18:52:48,2.877823,6.961782,-0.9322,-0.940214,0.572119,0.397255
4100,1,11/17/15,18:52:48,2.16084,6.035755,-3.104889,-1.225032,0.76754,0.150282
4101,1,11/17/15,18:52:48,3.008841,5.577787,-1.63736,-1.46198,0.863932,-0.255236
4102,1,11/17/15,18:52:48,3.110436,4.318239,-1.50163,-1.468949,0.970387,-0.083946
4103,1,11/17/15,18:52:48,2.601187,3.46886,-2.347351,-1.49123,0.859308,-0.21404
4104,1,11/17/15,18:52:48,3.376476,1.679693,-0.637646,-1.469456,0.709191,-0.052773
4105,1,11/17/15,18:52:48,4.855394,0.334752,1.239385,-1.324253,0.471274,0.106325
4106,1,11/17/15,18:52:48,5.520015,-0.471399,4.527081,-1.155461,0.205054,-0.025407
4107,1,11/17/15,18:52:48,5.299449,-1.813365,6.000803,-0.911427,0.052517,-0.101245
4108,1,11/17/15,18:52:48,4.775958,-2.728723,5.420912,-0.611461,-0.071785,-0.127679
4109,1,11/17/15,18:52:48,4.087495,-2.496545,3.462411,-0.310899,-0.098336,-0.090742
4110,1,11/17/15,18:52:48,3.626418,-1.903679,1.27039,-0.103085,-0.010744,0.123831
4111,1,11/17/15,18:52:48,2.713228,-0.847426,-1.653023,0.011464,0.073181,0.14125
4112,1,11/17/15,18:52:48,1.401343,-0.113393,-4.508797,0.093398,0.172369,0.067066
4113,1,11/17/15,18:52:48,0.414738,-0.079199,-5.335578,0.144088,0.259881,0.018516
4114,1,11/17/15,18:52:48,0.182187,-0.775836,-4.343884,0.239548,0.369712,0.115456
4115,1,11/17/15,18:52:48,0.673472,-1.383526,-2.794459,0.374264,0.491317,0.137309
4116,1,11/17/15,18:52:48,0.747936,-1.194616,-1.538345,0.504916,0.551896,0.05853
4117,1,11/17/15,18:52:48,0.753007,-0.774242,-0.163946,0.615747,0.578192,-0.160006
4118,1,11/17/15,18:52:48,0.337392,0.061744,0.453601,0.708865,0.605137,-0.356669
4119,1,11/17/15,18:52:48,0.105593,0.281904,0.265194,0.749206,0.61854,-0.342342
4120,1,11/17/15,18:52:48,0.384237,-0.76405,-0.205685,0.724281,0.635095,-0.150903
4121,1,11/17/15,18:52:48,0.1265,-1.081858,-0.745811,0.637095,0.607534,-0.201318
4122,1,11/17/15,18:52:48,0.15094,-1.201162,-0.923341,0.543931,0.610577,-0.178161
4123,1,11/17/15,18:52:48,-0.078352,-0.876964,-0.760859,0.455149,0.59615,-0.137338
4124,1,11/17/15,18:52:48,0.174986,-1.244054,-0.716177,0.387751,0.60454,-0.013384
4125,1,11/17/15,18:52:48,0.116422,-1.345391,-0.492741,0.324334,0.602144,0.058008
4126,1,11/17/15,18:52:48,0.123694,-1.215891,-0.198578,0.272699,0.578343,0.052481
4127,1,11/17/15,18:52:48,0.151567,-1.547274,-0.017648,0.25881,0.566787,0.121475
4128,1,11/17/15,18:52:48,0.049586,-1.575237,0.024414,0.269181,0.550624,0.112283
4129,1,11/17/15,18:52:48,-0.017516,-1.66832,-0.019658,0.278132,0.510154,0.065703
4130,1,11/17/15,18:52:48,-0.066007,-1.647287,-0.003425,0.288229,0.478501,0.061155
4131,1,11/17/15,18:52:48,-0.296522,-1.485937,-0.07438,0.260991,0.425324,0.016126
4132,1,11/17/15,18:52:48,-0.365903,-1.521794,0.034304,0.206945,0.35814,-0.00724
4133,1,11/17/15,18:52:48,-0.689878,-1.130503,0.264373,0.142017,0.287203,-0.093191
4134,1,11/17/15,18:52:48,-0.746715,-1.363861,0.427594,0.070631,0.218739,-0.098835
4135,1,11/17/15,18:52:48,-1.031128,-1.184619,0.636022,-0.012007,0.140613,-0.100034
4136,1,11/17/15,18:52:48,-1.21833,-1.224866,0.724325,-0.078495,0.048369,-0.08171
4137,1,11/17/15,18:52:48,-1.377107,-1.096135,0.609943,-0.133355,-0.024231,-0.043021
4138,1,11/17/15,18:52:48,-1.52708,-1.075009,0.381536,-0.181483,-0.072912,0.032949
4139,1,11/17/15,18:52:48,-1.734421,-1.139052,0.166518,-0.224893,-0.103494,0.09832
4140,1,11/17/15,18:52:48,-2.003418,-0.803756,-0.127302,-0.266718,-0.107886,0.156886
4141,1,11/17/15,18:52:48,-2.123857,-0.879837,-0.417878,-0.312881,-0.087454,0.258834
4142,1,11/17/15,18:52:48,-2.186895,-1.060861,-0.675273,-0.361118,-0.043696,0.305173
4143,1,11/17/15,18:52:48,-2.167906,-1.562736,-0.809042,-0.413247,0.022136,0.251265
4144,1,11/17/15,18:52:48,-2.432316,-2.03254,-0.886227,-0.456306,0.12324,0.082089
4145,1,11/17/15,18:52:48,-2.645096,-2.122945,-1.117109,-0.490505,0.242163,-0.146616
4146,1,11/17/15,18:52:48,-2.607499,-1.857755,-1.813204,-0.494985,0.390053,-0.284142
4147,1,11/17/15,18:52:49,-2.274606,-1.488782,-2.662231,-0.478552,0.551305,-0.342077
4148,1,11/17/15,18:52:49,-2.006432,-1.262629,-3.264513,-0.436157,0.696831,-0.399992
4149,1,11/17/15,18:52:49,-1.808509,-0.619204,-3.333314,-0.359353,0.797999,-0.416704
4150,1,11/17/15,18:52:49,-0.719615,0.083197,-2.955938,-0.242882,0.795042,-0.277789
4151,1,11/17/15,18:52:49,0.011302,0.871938,-2.315716,-0.065603,0.680549,-0.070473
4152,1,11/17/15,18:52:49,-0.025651,0.437123,-1.023893,0.137375,0.481751,0.203535
4153,1,11/17/15,18:52:49,-1.857408,-0.781114,1.3066,0.255454,0.301343,0.168352
4154,1,11/17/15,18:52:49,-4.136211,0.120944,3.149815,0.318609,0.169505,-0.363437
4155,1,11/17/15,18:52:49,-3.71946,2.75423,3.515515,0.454053,0.10175,-0.728991
4156,1,11/17/15,18:52:49,-0.019302,6.296317,1.915934,0.702609,0.059995,-0.558848
4157,1,11/17/15,18:52:49,-0.085256,8.992203,3.482845,1.060435,-0.101337,-0.159812
4158,1,11/17/15,18:52:49,1.487564,9.514143,4.710704,1.46914,-0.171846,0.134264
4159,1,11/17/15,18:52:49,3.209919,7.291795,5.276396,1.876184,-0.378975,0.434952
4160,1,11/17/15,18:52:49,3.932099,6.498594,5.791117,2.112272,-0.79774,0.000866
4161,1,11/17/15,18:52:49,3.276892,5.273652,3.304838,2.126067,-1.172264,-0.290951
4162,1,11/17/15,18:52:49,2.172513,3.65713,1.275407,1.951441,-1.172967,-0.369441
4163,1,11/17/15,18:52:49,2.746281,2.294516,-0.927335,1.701006,-0.991563,-0.286003
4164,1,11/17/15,18:52:49,3.0661,2.304175,-3.15589,1.357295,-0.590991,-0.369117
4165,1,11/17/15,18:52:49,3.792756,1.396401,-5.504183,1.027033,-0.167064,-0.254847
4166,1,11/17/15,18:52:49,3.484793,-0.620038,-6.368731,0.7286,0.16652,-0.192747
4167,1,11/17/15,18:52:49,2.492581,-2.128249,-5.411218,0.495607,0.423255,-0.147699
4168,1,11/17/15,18:52:49,1.93918,-2.391728,-4.137773,0.399106,0.599086,-0.055285
4169,1,11/17/15,18:52:49,2.090709,-2.033819,-2.152214,0.384027,0.687617,0.157752
4170,1,11/17/15,18:52:49,2.501282,-1.646595,0.103833,0.417525,0.609677,0.343703
4171,1,11/17/15,18:52:49,2.795337,-0.689475,3.155571,0.478524,0.431297,0.349983
4172,1,11/17/15,18:52:49,3.114562,-0.025201,6.224731,0.569508,0.251958,0.237231
4173,1,11/17/15,18:52:49,2.275884,0.038126,7.430011,0.634288,0.104463,0.26942
4174,1,11/17/15,18:52:49,1.920502,-1.729833,6.454007,0.594706,-0.068548,0.549233
4175,1,11/17/15,18:52:49,1.715565,-2.65067,4.84062,0.437908,-0.230444,0.765023
4176,1,11/17/15,18:52:49,1.302721,-1.51767,3.305283,0.13639,-0.419583,0.472562
4177,1,11/17/15,18:52:49,1.477795,-0.945444,2.055522,-0.172069,-0.51614,0.331245
4178,1,11/17/15,18:52:49,0.74887,-0.247778,1.318398,-0.468535,-0.509765,0.107123
4179,1,11/17/15,18:52:49,0.156833,0.120895,0.406877,-0.687245,-0.509772,-0.046496
4180,1,11/17/15,18:52:49,-0.133075,-0.342983,-0.375834,-0.802283,-0.489282,-0.098577
4181,1,11/17/15,18:52:49,-0.532504,-0.755367,-1.211931,-0.830599,-0.474131,-0.136341
4182,1,11/17/15,18:52:49,-0.609652,-1.053169,-1.575806,-0.781994,-0.448589,-0.189129
4183,1,11/17/15,18:52:49,-0.422706,-1.296405,-1.815055,-0.671632,-0.405924,-0.147328
4184,1,11/17/15,18:52:49,-0.300093,-1.241291,-1.278984,-0.526144,-0.347673,-0.050453
4185,1,11/17/15,18:52:49,-0.100077,-1.22263,-0.324422,-0.390464,-0.301731,0.087587
4186,1,11/17/15,18:52:49,0.061496,-1.05127,0.531517,-0.292674,-0.271037,0.20048
4187,1,11/17/15,18:52:49,0.134503,-0.917855,1.309725,-0.237938,-0.245556,0.271633
4188,1,11/17/15,18:52:49,0.087921,-0.72757,1.839872,-0.214362,-0.22796,0.311174
4189,1,11/17/15,18:52:49,-0.056096,-0.493246,1.887094,-0.205678,-0.207048,0.313512
4190,1,11/17/15,18:52:49,-0.058651,-0.675903,1.554162,-0.203983,-0.185499,0.310613
4191,1,11/17/15,18:52:49,-0.193517,-0.890064,0.986054,-0.207089,-0.157912,0.289226
4192,1,11/17/15,18:52:49,-0.3594,-1.16076,0.540424,-0.21414,-0.138391,0.236068
4193,1,11/17/15,18:52:49,-0.482328,-1.5309,0.160939,-0.216226,-0.122921,0.216638
4194,1,11/17/15,18:52:49,-0.665688,-1.659688,0.024127,-0.204703,-0.110557,0.194131
4195,1,11/17/15,18:52:49,-0.740039,-1.747537,0.03066,-0.185736,-0.094313,0.165073
4196,1,11/17/15,18:52:49,-0.976065,-1.699217,0.289234,-0.158487,-0.086006,0.156087
4197,1,11/17/15,18:52:49,-1.213673,-1.564825,0.422185,-0.126288,-0.094402,0.173204
4198,1,11/17/15,18:52:49,-1.428483,-1.517146,0.694434,-0.078642,-0.100592,0.205456
4199,1,11/17/15,18:52:49,-1.652953,-1.376551,0.934233,-0.036014,-0.119852,0.287675
4200,1,11/17/15,18:52:49,-1.76196,-1.345673,1.055562,-0.006797,-0.158683,0.331713
4201,1,11/17/15,18:52:49,-1.915,-1.337126,1.217586,0.030591,-0.182954,0.350934
4202,1,11/17/15,18:52:49,-2.052218,-1.645202,1.216251,0.069464,-0.225856,0.321931
4203,1,11/17/15,18:52:49,-2.314021,-1.984004,1.159812,0.109134,-0.269173,0.241812
4204,1,11/17/15,18:52:49,-2.447946,-2.297676,1.193512,0.156024,-0.332949,0.090493
4205,1,11/17/15,18:52:49,-2.279306,-2.218346,1.461874,0.1958,-0.412764,-0.0648
4206,1,11/17/15,18:52:49,-1.869148,-2.08295,1.997446,0.222979,-0.481,-0.192196
4207,1,11/17/15,18:52:49,-1.413183,-1.893767,2.540802,0.228389,-0.531542,-0.297849
4208,1,11/17/15,18:52:49,-0.670862,-1.20728,2.815669,0.199363,-0.545684,-0.379902
4209,1,11/17/15,18:52:49,0.274224,-0.157557,2.457021,0.141778,-0.500823,-0.363612
4210,1,11/17/15,18:52:49,0.549154,0.303175,1.77083,0.033318,-0.39614,-0.300897
4211,1,11/17/15,18:52:49,0.364037,0.969261,0.564222,-0.113189,-0.244094,-0.243263
4212,1,11/17/15,18:52:49,-0.786197,1.075154,-1.058934,-0.283474,-0.107813,-0.223598
4213,1,11/17/15,18:52:49,-2.940868,1.283625,-2.132961,-0.479087,-0.047065,-0.397646
4214,1,11/17/15,18:52:49,-3.864109,1.504989,-1.811858,-0.650899,-0.061514,-0.509675
4215,1,11/17/15,18:52:49,-3.847869,2.453717,-0.892758,-0.741927,-0.107454,-0.506695
4216,1,11/17/15,18:52:49,-0.664499,4.778417,-0.237165,-0.778416,-0.082131,-0.317216
4217,1,11/17/15,18:52:49,-1.090901,7.103071,-0.865285,-0.829184,0.041812,-0.107565
4218,1,11/17/15,18:52:49,0.299596,6.88047,-1.3193,-1.008415,0.220603,-0.019268
4219,1,11/17/15,18:52:49,2.095709,5.487268,-1.204224,-1.145433,0.489461,0.237499
4220,1,11/17/15,18:52:49,2.387802,6.169113,-3.029182,-1.299569,0.645647,-0.183074
4221,1,11/17/15,18:52:49,3.3708,5.79842,-2.061724,-1.384658,0.819516,-0.268282
4222,1,11/17/15,18:52:49,2.611885,4.64116,-2.387306,-1.378286,0.940987,-0.266252
4223,1,11/17/15,18:52:49,2.510063,2.945068,-2.265169,-1.344885,0.88572,-0.24981
4224,1,11/17/15,18:52:49,3.447535,1.707784,-0.006333,-1.305249,0.730981,-0.137825
4225,1,11/17/15,18:52:49,4.771346,0.594931,2.652495,-1.250856,0.476791,-0.057772
4226,1,11/17/15,18:52:49,4.749826,-0.701639,5.308425,-1.162044,0.225136,-0.1417
4227,1,11/17/15,18:52:49,4.494863,-1.910563,6.395301,-0.965239,0.013649,-0.191818
4228,1,11/17/15,18:52:49,4.089333,-3.005822,5.648036,-0.692921,-0.154394,-0.093546
4229,1,11/17/15,18:52:49,3.468824,-2.163702,3.370337,-0.456638,-0.268388,-0.060364
4230,1,11/17/15,18:52:49,3.34391,-0.988,1.010531,-0.26464,-0.211961,0.187781
4231,1,11/17/15,18:52:49,2.944364,-0.068568,-2.346741,-0.12022,-0.054515,0.357093
4232,1,11/17/15,18:52:49,2.217675,1.390202,-5.60208,-0.097406,0.049588,0.123293
4233,1,11/17/15,18:52:49,0.892873,-0.122521,-6.623242,-0.079058,0.270438,0.193064
4234,1,11/17/15,18:52:49,0.753258,-1.141691,-5.864635,-0.0023,0.433531,0.186139
4235,1,11/17/15,18:52:49,0.600203,-1.172969,-4.344884,0.150651,0.607873,0.186702
4236,1,11/17/15,18:52:49,0.591726,-1.447557,-3.011872,0.324867,0.774223,0.287662
4237,1,11/17/15,18:52:49,0.481472,-0.735912,-1.553634,0.494637,0.860047,0.166467
4238,1,11/17/15,18:52:49,0.151203,-0.413501,-0.565287,0.670522,0.943393,-0.027756
4239,1,11/17/15,18:52:49,-0.037714,-0.211864,-0.318631,0.783661,1.015982,-0.120173
4240,1,11/17/15,18:52:49,-0.191578,-0.577751,-0.404727,0.79809,1.049581,-0.078614
4241,1,11/17/15,18:52:49,-0.206293,-0.99933,-0.474352,0.720253,1.04324,-0.114347
4242,1,11/17/15,18:52:49,-0.36916,-0.968164,-0.690279,0.607477,1.030607,-0.219666
4243,1,11/17/15,18:52:49,-0.280689,-0.865169,-0.545775,0.506261,1.032793,-0.161386
4244,1,11/17/15,18:52:49,-0.071952,-1.007372,-0.290107,0.424908,1.04294,-0.10631
4245,1,11/17/15,18:52:49,-0.098572,-1.152876,-0.21122,0.35492,1.032866,-0.075377
4246,1,11/17/15,18:52:49,0.127233,-1.407442,-0.03136,0.312125,1.029336,0.005801
4247,1,11/17/15,18:52:49,0.12143,-1.632397,0.051835,0.291993,1.006094,0.04679
4248,1,11/17/15,18:52:49,0.103033,-1.590285,0.05133,0.278323,0.944543,0.013168
4249,1,11/17/15,18:52:49,-0.049461,-1.295752,0.091047,0.262104,0.860575,-0.031023
4250,1,11/17/15,18:52:49,-0.080961,-1.209768,-0.004487,0.246488,0.783277,-0.006739
4251,1,11/17/15,18:52:49,-0.313836,-1.174079,-0.041303,0.213223,0.704176,-0.012344
4252,1,11/17/15,18:52:50,-0.327511,-1.251913,0.10766,0.160363,0.610745,-0.005553
4253,1,11/17/15,18:52:50,-0.528978,-1.329113,0.378568,0.089809,0.529518,-0.019485
4254,1,11/17/15,18:52:50,-0.769983,-1.293441,0.71863,0.004566,0.436253,-0.072708
4255,1,11/17/15,18:52:50,-0.93691,-1.318553,0.941673,-0.080068,0.348296,-0.073269
4256,1,11/17/15,18:52:50,-1.061874,-1.308448,1.028452,-0.151516,0.266248,-0.038686
4257,1,11/17/15,18:52:50,-1.258733,-1.275107,0.899099,-0.209246,0.192311,-0.014367
4258,1,11/17/15,18:52:50,-1.437183,-1.110293,0.666899,-0.256983,0.144414,0.033113
4259,1,11/17/15,18:52:50,-1.748484,-0.725566,0.397651,-0.304287,0.111579,0.057435
4260,1,11/17/15,18:52:50,-1.886016,-0.71117,0.109111,-0.325828,0.113215,0.1267
4261,1,11/17/15,18:52:50,-2.096907,-0.752479,-0.035462,-0.327109,0.140853,0.198949
4262,1,11/17/15,18:52:50,-2.39393,-0.557958,-0.085688,-0.33509,0.167862,0.210741
4263,1,11/17/15,18:52:50,-2.398476,-0.877634,-0.260174,-0.33094,0.228921,0.298935
4264,1,11/17/15,18:52:50,-2.501595,-1.421564,-0.383768,-0.329577,0.293606,0.294008
4265,1,11/17/15,18:52:50,-2.743092,-1.911419,-0.562469,-0.335654,0.361744,0.131825
4266,1,11/17/15,18:52:50,-2.890593,-1.981646,-0.972778,-0.33846,0.4363,-0.087895
4267,1,11/17/15,18:52:50,-2.857713,-1.868473,-1.65773,-0.322275,0.507039,-0.233519
4268,1,11/17/15,18:52:50,-2.479843,-1.570644,-2.582919,-0.278709,0.570226,-0.328661
4269,1,11/17/15,18:52:50,-1.857863,-1.398038,-2.994526,-0.209913,0.615224,-0.326235
4270,1,11/17/15,18:52:50,-0.923944,-0.783685,-2.828326,-0.130933,0.587146,-0.293143
4271,1,11/17/15,18:52:50,-0.478702,-0.310517,-1.781054,-0.052618,0.495882,-0.147052
4272,1,11/17/15,18:52:50,-0.248642,-0.177693,-0.527707,0.023699,0.386672,-0.020906
4273,1,11/17/15,18:52:50,0.139074,-0.176112,0.978767,0.114988,0.237126,0.00617
4274,1,11/17/15,18:52:50,-2.258095,-0.392067,2.956813,0.195887,0.08304,-0.262086
4275,1,11/17/15,18:52:50,-3.948245,0.310422,3.070233,0.285079,0.041337,-0.630347
4276,1,11/17/15,18:52:50,-1.632438,2.460284,1.754395,0.421435,0.017271,-0.68748
4277,1,11/17/15,18:52:50,1.660441,6.761254,0.214947,0.642104,-0.096242,-0.602627
4278,1,11/17/15,18:52:50,0.355977,9.142195,2.381581,1.041333,-0.237749,-0.370788
4279,1,11/17/15,18:52:50,2.267089,8.929465,3.620443,1.599598,-0.184656,-0.021759
4280,1,11/17/15,18:52:50,1.495303,4.775437,5.233753,2.07713,-0.348927,0.263395
4281,1,11/17/15,18:52:50,3.018191,3.415187,1.059328,2.225821,-0.76605,-0.146466
4282,1,11/17/15,18:52:50,3.140531,4.075049,-2.200264,2.046521,-0.947907,-0.487122
4283,1,11/17/15,18:52:50,3.337883,3.968782,-2.213131,1.88967,-0.819004,-0.478646
4284,1,11/17/15,18:52:50,3.827375,3.001567,-1.572757,1.748875,-0.576643,-0.443902
4285,1,11/17/15,18:52:50,4.290077,2.171601,-3.041884,1.595681,-0.236962,-0.411233
4286,1,11/17/15,18:52:50,4.406001,0.749839,-5.429293,1.407709,0.145256,-0.137677
4287,1,11/17/15,18:52:50,3.741208,-0.501363,-5.693179,1.123687,0.398806,0.012574
4288,1,11/17/15,18:52:50,2.546532,-1.339543,-4.477011,0.760238,0.561771,0.033229
4289,1,11/17/15,18:52:50,2.180406,-0.979375,-2.150221,0.472624,0.673164,0.087739
4290,1,11/17/15,18:52:50,1.688546,0.083869,0.286685,0.272364,0.669085,0.09596
4291,1,11/17/15,18:52:50,1.382995,1.079867,2.839065,0.171167,0.594084,0.000754
4292,1,11/17/15,18:52:50,0.520861,1.393112,4.685341,0.174404,0.524482,0.042758
4293,1,11/17/15,18:52:50,0.659743,1.063654,4.388235,0.215614,0.381057,0.375578
4294,1,11/17/15,18:52:50,1.803648,-0.326988,3.508748,0.246775,0.190874,0.784458
4295,1,11/17/15,18:52:50,2.596281,-0.971038,3.084254,0.20176,-0.022523,0.812861
4296,1,11/17/15,18:52:50,2.720589,-0.595633,3.09078,-0.00068,-0.264696,0.409794
4297,1,11/17/15,18:52:50,2.431431,-0.446215,3.833793,-0.256464,-0.547055,0.235071
4298,1,11/17/15,18:52:50,2.39871,-1.448066,4.28107,-0.460335,-0.791665,0.368968
4299,1,11/17/15,18:52:50,1.61453,-1.473084,4.078074,-0.650137,-1.028101,0.253603
4300,1,11/17/15,18:52:50,1.00993,-1.248499,3.180167,-0.797591,-1.203812,0.207007
4301,1,11/17/15,18:52:50,0.346092,-1.246182,1.977866,-0.9123,-1.322238,0.218628
4302,1,11/17/15,18:52:50,0.053307,-1.174264,0.625887,-0.971774,-1.368406,0.216208
4303,1,11/17/15,18:52:50,-0.337663,-1.311825,-0.43613,-0.988193,-1.381805,0.18262
4304,1,11/17/15,18:52:50,-0.36644,-1.347167,-1.422554,-0.936562,-1.349166,0.2463
4305,1,11/17/15,18:52:50,-0.513232,-1.123122,-1.746001,-0.880858,-1.283433,0.161506
4306,1,11/17/15,18:52:50,-0.487761,-1.051727,-1.846147,-0.783133,-1.169198,0.204835
4307,1,11/17/15,18:52:50,-0.444709,-1.094249,-1.653847,-0.669896,-1.043087,0.261942
4308,1,11/17/15,18:52:50,-0.478794,-1.057072,-1.098673,-0.569583,-0.906677,0.254097
4309,1,11/17/15,18:52:50,-0.457005,-1.129901,-0.708329,-0.473097,-0.775037,0.221681
4310,1,11/17/15,18:52:50,-0.646713,-0.998283,-0.437411,-0.367504,-0.653845,0.185034
4311,1,11/17/15,18:52:50,-0.688469,-0.996085,-0.318445,-0.268069,-0.551859,0.188786
4312,1,11/17/15,18:52:50,-0.741959,-1.062315,-0.168947,-0.173114,-0.443725,0.210186
4313,1,11/17/15,18:52:50,-0.816488,-1.099199,-0.071278,-0.104627,-0.356067,0.202227
4314,1,11/17/15,18:52:50,-1.005311,-0.759379,0.104488,-0.074533,-0.308937,0.178489
4315,1,11/17/15,18:52:50,-1.038714,-0.801043,0.068289,-0.061362,-0.275474,0.241313
4316,1,11/17/15,18:52:50,-1.014122,-1.052078,0.122559,-0.044946,-0.252957,0.312461
4317,1,11/17/15,18:52:50,-1.028901,-1.262939,0.087603,-0.030005,-0.253899,0.346985
4318,1,11/17/15,18:52:50,-1.229669,-1.291017,0.090354,-0.01112,-0.257256,0.369138
4319,1,11/17/15,18:52:50,-1.389548,-1.431774,0.074726,0.020796,-0.263263,0.402685
4320,1,11/17/15,18:52:50,-1.510068,-1.41432,0.013093,0.054303,-0.282399,0.429902
4321,1,11/17/15,18:52:50,-1.623849,-1.531176,0.09356,0.087843,-0.306012,0.429014
4322,1,11/17/15,18:52:50,-1.803325,-1.643072,0.174665,0.113528,-0.34421,0.362956
4323,1,11/17/15,18:52:50,-2.081111,-1.891714,0.218129,0.141124,-0.385314,0.269061
4324,1,11/17/15,18:52:50,-2.36274,-2.107574,0.27572,0.16491,-0.439998,0.156785
4325,1,11/17/15,18:52:50,-2.293398,-2.106783,0.616498,0.185854,-0.49953,0.037616
4326,1,11/17/15,18:52:50,-2.172888,-2.17963,1.176908,0.191193,-0.551688,-0.074124
4327,1,11/17/15,18:52:50,-1.886249,-2.3052,1.866406,0.186581,-0.576566,-0.181269
4328,1,11/17/15,18:52:50,-1.544924,-1.800197,2.495864,0.15757,-0.581441,-0.320872
4329,1,11/17/15,18:52:50,-0.815809,-0.862452,2.658696,0.095843,-0.531294,-0.35473
4330,1,11/17/15,18:52:50,-0.364661,-0.013848,1.836204,0.011921,-0.426434,-0.285794
4331,1,11/17/15,18:52:50,-0.143939,0.36392,0.485394,-0.074461,-0.288973,-0.17083
4332,1,11/17/15,18:52:50,-0.474926,0.600409,-0.589793,-0.158095,-0.199051,-0.133492
4333,1,11/17/15,18:52:50,-0.998864,0.82,-0.973181,-0.26973,-0.113592,-0.155221
4334,1,11/17/15,18:52:50,-2.068099,0.751097,-1.156971,-0.372209,-0.061063,-0.19323
4335,1,11/17/15,18:52:50,-2.822028,1.103527,-1.353377,-0.436832,-0.093983,-0.251122
4336,1,11/17/15,18:52:50,-2.819285,1.084004,-0.983575,-0.451065,-0.153716,-0.164587
4337,1,11/17/15,18:52:50,0.17061,2.855686,-0.273729,-0.405689,-0.157559,-0.070349
4338,1,11/17/15,18:52:50,-0.337865,5.914512,-0.505497,-0.425537,-0.050179,-0.10558
4339,1,11/17/15,18:52:50,0.36895,6.32129,-1.586016,-0.631143,0.070602,-0.07382
4340,1,11/17/15,18:52:50,2.676435,5.580092,-2.598808,-0.939283,0.295712,0.068723
4341,1,11/17/15,18:52:50,2.191962,5.264619,-4.632838,-1.322691,0.431818,-0.281605
4342,1,11/17/15,18:52:50,3.031216,4.667131,-2.115787,-1.650098,0.544524,-0.442659
4343,1,11/17/15,18:52:50,2.060127,3.803266,-1.69035,-1.757395,0.582979,-0.433358
4344,1,11/17/15,18:52:50,2.189873,4.006335,-0.920493,-1.791857,0.432865,-0.50111
4345,1,11/17/15,18:52:50,3.285275,3.62753,0.859827,-1.806246,0.178436,-0.425189
4346,1,11/17/15,18:52:50,4.573019,2.419847,3.595459,-1.678136,-0.144676,-0.226805
4347,1,11/17/15,18:52:50,5.398466,1.38983,5.939384,-1.424671,-0.417061,-0.173526
4348,1,11/17/15,18:52:50,5.297175,-0.081021,5.434875,-1.069464,-0.597258,-0.154377
4349,1,11/17/15,18:52:50,4.540953,-0.396357,4.603931,-0.694904,-0.714098,-0.104143
4350,1,11/17/15,18:52:50,4.184163,-0.769796,2.957309,-0.365568,-0.703535,0.156575
4351,1,11/17/15,18:52:50,3.511553,-0.049057,0.145451,-0.207279,-0.702366,0.251022
4352,1,11/17/15,18:52:50,3.126055,0.012657,-2.936431,-0.121126,-0.607751,0.313696
4353,1,11/17/15,18:52:50,1.551825,0.190663,-4.978822,-0.076398,-0.509162,0.272675
4354,1,11/17/15,18:52:50,0.922883,-0.770288,-5.423395,0.01621,-0.384881,0.214872
4355,1,11/17/15,18:52:50,1.140989,-2.095552,-4.812829,0.201032,-0.127891,0.414661
4356,1,11/17/15,18:52:50,0.55531,-2.171355,-3.98051,0.388174,0.047617,0.333696
4357,1,11/17/15,18:52:51,0.752995,-1.597391,-2.975713,0.550966,0.143552,0.055067
4358,1,11/17/15,18:52:51,0.479888,-0.534,-1.971281,0.70988,0.273158,-0.103253
4359,1,11/17/15,18:52:51,0.214944,0.224393,-1.552416,0.830507,0.381625,-0.155272
4360,1,11/17/15,18:52:51,0.218905,-0.121259,-1.641486,0.85249,0.460164,-0.154857
4361,1,11/17/15,18:52:51,0.020847,-0.502193,-1.605504,0.804229,0.485581,-0.224057
4362,1,11/17/15,18:52:51,0.21835,-1.212977,-1.606369,0.745932,0.515112,-0.235102
4363,1,11/17/15,18:52:51,0.206787,-1.444943,-1.234572,0.666196,0.546486,-0.239413
4364,1,11/17/15,18:52:51,0.17189,-1.516568,-0.841,0.572845,0.586606,-0.288416
4365,1,11/17/15,18:52:51,0.215895,-1.56683,-0.436682,0.516983,0.641749,-0.212673
4366,1,11/17/15,18:52:51,0.216855,-1.47243,-0.334003,0.458378,0.678156,-0.160078
4367,1,11/17/15,18:52:51,0.287575,-1.444524,-0.109318,0.402512,0.681622,-0.112056
4368,1,11/17/15,18:52:51,0.214242,-1.24791,0.054122,0.35703,0.655138,-0.122122
4369,1,11/17/15,18:52:51,0.175738,-1.012188,0.035474,0.350492,0.611277,-0.059238
4370,1,11/17/15,18:52:51,0.165978,-0.89953,0.054417,0.346438,0.550585,-0.022699
4371,1,11/17/15,18:52:51,-0.00915,-0.512613,0.271308,0.337341,0.480557,-0.055639
4372,1,11/17/15,18:52:51,-0.075789,-0.393399,0.38908,0.334377,0.420324,-0.038115
4373,1,11/17/15,18:52:51,-0.131144,-0.641131,0.458451,0.303589,0.364303,-0.02309
4374,1,11/17/15,18:52:51,-0.275787,-0.798653,0.606011,0.2427,0.289835,-0.076058
4375,1,11/17/15,18:52:51,-0.476772,-0.781474,0.770653,0.180224,0.218877,-0.092833
4376,1,11/17/15,18:52:51,-0.46341,-1.063179,0.756821,0.117367,0.145502,-0.070882
4377,1,11/17/15,18:52:51,-0.627973,-1.016105,0.617235,0.053782,0.069274,-0.100757
4378,1,11/17/15,18:52:51,-0.763629,-0.910937,0.457142,-0.009827,0.004623,-0.124656
4379,1,11/17/15,18:52:51,-0.863741,-0.929828,0.231087,-0.059638,-0.032114,-0.082432
4380,1,11/17/15,18:52:51,-0.996319,-0.916521,0.116822,-0.117008,-0.067744,-0.044241
4381,1,11/17/15,18:52:51,-1.044749,-0.967836,0.181597,-0.162755,-0.079153,-0.001549
4382,1,11/17/15,18:52:51,-1.22979,-0.865336,0.073062,-0.17967,-0.07321,0.015164
4383,1,11/17/15,18:52:51,-1.5025,-0.651058,0.032222,-0.190376,-0.061873,0.023452
4384,1,11/17/15,18:52:51,-1.690031,-0.421984,-0.066856,-0.193739,-0.049314,0.042605
4385,1,11/17/15,18:52:51,-1.924284,-0.465188,-0.157713,-0.186948,-0.015814,0.125234
4386,1,11/17/15,18:52:51,-1.796157,-1.099019,-0.208937,-0.184647,0.012265,0.177735
4387,1,11/17/15,18:52:51,-2.035758,-1.278713,-0.388076,-0.187532,0.044896,0.06542
4388,1,11/17/15,18:52:51,-2.368565,-1.232244,-0.619291,-0.172386,0.089272,-0.073109
4389,1,11/17/15,18:52:51,-2.405615,-1.644686,-0.921276,-0.153023,0.177344,-0.088418
4390,1,11/17/15,18:52:51,-2.422867,-1.986347,-1.279796,-0.151539,0.251459,-0.175974
4391,1,11/17/15,18:52:51,-2.450386,-2.0621,-1.752625,-0.154642,0.332711,-0.35641
4392,1,11/17/15,18:52:51,-2.48132,-1.779512,-2.249767,-0.145239,0.419664,-0.499085
4393,1,11/17/15,18:52:51,-2.275979,-1.303874,-2.597168,-0.130495,0.490646,-0.547115
4394,1,11/17/15,18:52:51,-1.979555,-0.678041,-2.55234,-0.104167,0.555515,-0.456672
4395,1,11/17/15,18:52:51,-1.555026,-0.016203,-2.138005,-0.063698,0.594892,-0.301034
4396,1,11/17/15,18:52:51,-1.144152,0.340935,-1.628713,-0.036722,0.597879,-0.102153
4397,1,11/17/15,18:52:51,-1.027592,0.684826,-0.817662,-0.016725,0.551238,0.047089
4398,1,11/17/15,18:52:51,-1.006892,0.78545,0.221799,0.007561,0.467572,0.151827
4399,1,11/17/15,18:52:51,-2.060713,0.90057,1.5505,0.039864,0.381335,0.135746
4400,1,11/17/15,18:52:51,-2.93304,0.880132,2.101051,0.091022,0.332759,0.050391
4401,1,11/17/15,18:52:51,-3.752243,1.319038,1.635903,0.151714,0.324033,-0.041555
4402,1,11/17/15,18:52:51,-2.257879,2.265374,0.383709,0.233829,0.323588,-0.007911
4403,1,11/17/15,18:52:51,1.223731,5.403382,-0.532035,0.378326,0.144398,0.112945
4404,1,11/17/15,18:52:51,-0.252184,6.875879,2.235085,0.660842,-0.119003,0.203059
4405,1,11/17/15,18:52:51,1.841882,5.747793,3.725805,1.063121,-0.160567,0.477384
4406,1,11/17/15,18:52:51,2.226774,3.005355,4.477325,1.421067,-0.304009,0.281345
4407,1,11/17/15,18:52:51,2.961833,2.327718,3.744407,1.6194,-0.522146,-0.361644
4408,1,11/17/15,18:52:51,2.80094,2.2359,0.670921,1.654682,-0.76672,-0.635015
4409,1,11/17/15,18:52:51,2.481306,2.452266,-0.03314,1.532901,-0.747055,-0.611477
4410,1,11/17/15,18:52:51,2.317083,2.576304,0.781147,1.465553,-0.704594,-0.667178
4411,1,11/17/15,18:52:51,3.241643,1.62467,0.314528,1.423998,-0.554115,-0.612752
4412,1,11/17/15,18:52:51,3.619431,0.893392,-1.738467,1.312881,-0.282816,-0.499543
4413,1,11/17/15,18:52:51,3.78389,-0.535256,-4.765638,1.13601,-0.014918,-0.26311
4414,1,11/17/15,18:52:51,3.597353,-2.242121,-5.906596,0.935419,0.220068,-0.098069
4415,1,11/17/15,18:52:51,2.922672,-2.349666,-5.019195,0.725721,0.458263,-0.147483
4416,1,11/17/15,18:52:51,3.018011,-1.129159,-3.147899,0.557381,0.584787,-0.124924
4417,1,11/17/15,18:52:51,2.615261,0.086702,-0.54079,0.469122,0.608082,-0.039822
4418,1,11/17/15,18:52:51,2.406518,1.545452,2.217473,0.449406,0.571336,0.02077
4419,1,11/17/15,18:52:51,2.085641,2.897729,3.895072,0.495333,0.505429,0.075308
4420,1,11/17/15,18:52:51,1.856446,2.329646,4.185484,0.542818,0.396312,0.346778
4421,1,11/17/15,18:52:51,2.205925,0.778899,4.101181,0.492327,0.212774,0.642627
4422,1,11/17/15,18:52:51,2.460491,-0.338393,3.757953,0.346722,0.035661,0.597433
4423,1,11/17/15,18:52:51,2.305658,-0.475694,3.205389,0.178556,-0.111612,0.558155
4424,1,11/17/15,18:52:51,2.057096,-0.147857,2.759992,-0.088334,-0.287106,0.412543
4425,1,11/17/15,18:52:51,1.62484,-0.109597,2.31713,-0.388644,-0.440991,0.29358
4426,1,11/17/15,18:52:51,1.463879,-0.426941,1.885775,-0.648397,-0.558714,0.211824
4427,1,11/17/15,18:52:51,1.140383,-0.851846,1.407455,-0.804205,-0.628068,0.156289
4428,1,11/17/15,18:52:51,0.760963,-0.879419,0.81043,-0.872884,-0.691013,0.129456
4429,1,11/17/15,18:52:51,0.566857,-0.89698,0.288443,-0.87725,-0.732203,0.090463
4430,1,11/17/15,18:52:51,0.334863,-1.03587,-0.095393,-0.817939,-0.731636,0.099492
4431,1,11/17/15,18:52:51,0.066944,-0.897902,-0.281286,-0.733225,-0.723069,0.0965
4432,1,11/17/15,18:52:51,-0.040694,-1.058865,-0.363241,-0.626638,-0.672856,0.204515
4433,1,11/17/15,18:52:51,0.07749,-1.277451,-0.505751,-0.550907,-0.629616,0.312216
4434,1,11/17/15,18:52:51,0.148633,-1.56082,-0.323269,-0.503259,-0.5839,0.356588
4435,1,11/17/15,18:52:51,0.095782,-1.493605,0.016382,-0.461689,-0.53696,0.359933
4436,1,11/17/15,18:52:51,-0.097742,-1.041732,0.292763,-0.418983,-0.483806,0.279017
4437,1,11/17/15,18:52:51,-0.316708,-0.681147,0.319019,-0.361372,-0.414348,0.247995
4438,1,11/17/15,18:52:51,-0.549542,-0.509026,0.147595,-0.305871,-0.348979,0.238642
4439,1,11/17/15,18:52:51,-0.710244,-0.686221,-0.069979,-0.24536,-0.268716,0.247001
4440,1,11/17/15,18:52:51,-0.986408,-0.617313,-0.138191,-0.18481,-0.203398,0.216152
4441,1,11/17/15,18:52:51,-0.982465,-0.855696,-0.197951,-0.136581,-0.153676,0.221213
4442,1,11/17/15,18:52:51,-1.143798,-0.975422,-0.209948,-0.099981,-0.112537,0.242155
4443,1,11/17/15,18:52:51,-1.350554,-0.942331,-0.067962,-0.086553,-0.09521,0.221706
4444,1,11/17/15,18:52:51,-1.425976,-0.968113,0.127824,-0.077034,-0.086457,0.26081
4445,1,11/17/15,18:52:51,-1.522228,-0.974665,0.255478,-0.062664,-0.079974,0.301329
4446,1,11/17/15,18:52:51,-1.652462,-0.937072,0.336398,-0.046782,-0.088786,0.321952
4447,1,11/17/15,18:52:51,-1.653054,-1.026796,0.321609,-0.0241,-0.091241,0.368099
4448,1,11/17/15,18:52:51,-1.925883,-0.978805,0.273309,-0.000873,-0.103919,0.388661
4449,1,11/17/15,18:52:51,-2.023279,-1.044209,0.328658,0.018929,-0.126108,0.405057
4450,1,11/17/15,18:52:51,-1.994654,-1.141012,0.311695,0.050215,-0.151055,0.45979
4451,1,11/17/15,18:52:51,-2.026962,-1.336936,0.346187,0.078336,-0.178183,0.455302
4452,1,11/17/15,18:52:51,-2.33251,-1.40431,0.463623,0.104182,-0.207192,0.397026
4453,1,11/17/15,18:52:51,-2.300718,-1.735815,0.688216,0.124231,-0.265582,0.330818
4454,1,11/17/15,18:52:51,-2.346617,-1.896511,1.010184,0.136885,-0.324666,0.264778
4455,1,11/17/15,18:52:51,-2.281251,-2.001826,1.420985,0.15908,-0.38184,0.184844
4456,1,11/17/15,18:52:51,-2.008538,-1.946635,1.988313,0.18125,-0.418026,0.12374
4457,1,11/17/15,18:52:51,-1.513494,-1.677918,2.481824,0.177933,-0.416726,0.028388
4458,1,11/17/15,18:52:51,-0.961736,-1.197337,2.409063,0.151553,-0.367762,0.001024
4459,1,11/17/15,18:52:51,-0.655696,-0.375926,1.501133,0.112083,-0.290144,0.0236
4460,1,11/17/15,18:52:51,-0.467142,0.097784,0.558342,0.071844,-0.1927,0.132294
4461,1,11/17/15,18:52:52,0.405068,0.916012,-0.355131,0.025114,-0.054052,0.252557
4462,1,11/17/15,18:52:52,0.456174,1.070298,-1.285262,-0.07127,0.136789,0.300954
4463,1,11/17/15,18:52:52,-1.156636,-0.094018,-2.275777,-0.175271,0.283001,0.276747
4464,1,11/17/15,18:52:52,-2.301605,-0.93343,-2.16317,-0.249683,0.290514,0.145682
4465,1,11/17/15,18:52:52,-2.55775,-0.94742,-1.302154,-0.279815,0.227959,0.052484
4466,1,11/17/15,18:52:52,-2.843425,-0.588795,-0.249262,-0.291184,0.149065,-0.034041
4467,1,11/17/15,18:52:52,-2.747758,0.457657,1.322258,-0.30288,0.055008,-0.05081
4468,1,11/17/15,18:52:52,1.399007,3.556363,2.808063,-0.310273,0.029624,0.049454
4469,1,11/17/15,18:52:52,0.016529,5.763001,2.301385,-0.410389,0.186417,0.160277
4470,1,11/17/15,18:52:52,1.761295,6.707603,-0.6967,-0.759062,0.316614,0.032484
4471,1,11/17/15,18:52:52,3.542695,5.363398,-3.126831,-1.21181,0.461004,0.109972
4472,1,11/17/15,18:52:52,3.952163,5.856799,-3.170581,-1.654425,0.559196,-0.134665
4473,1,11/17/15,18:52:52,4.073391,6.200421,-2.305638,-1.895908,0.654689,-0.158039
4474,1,11/17/15,18:52:52,3.941408,6.573109,-2.416674,-1.888674,0.680345,-0.023812
4475,1,11/17/15,18:52:52,4.111173,5.729361,-1.018572,-1.797765,0.632314,0.082115
4476,1,11/17/15,18:52:52,5.161946,3.404503,0.613463,-1.569266,0.554266,0.333339
4477,1,11/17/15,18:52:52,5.510463,1.867801,2.443777,-1.208244,0.424823,0.346521
4478,1,11/17/15,18:52:52,5.99647,1.496882,3.983202,-0.759265,0.298021,0.265054
4479,1,11/17/15,18:52:52,5.497398,0.096069,3.999094,-0.298408,0.193245,0.29531
4480,1,11/17/15,18:52:52,5.191332,-1.289005,3.800618,0.035847,0.027492,0.299345
4481,1,11/17/15,18:52:52,4.363912,-2.192693,3.042653,0.239291,-0.183447,0.243169
4482,1,11/17/15,18:52:52,3.632404,-2.938317,1.596058,0.345552,-0.391264,0.261272
4483,1,11/17/15,18:52:52,2.891334,-3.071846,0.205202,0.382142,-0.520015,0.343103
4484,1,11/17/15,18:52:52,2.458957,-3.147514,-0.506267,0.384038,-0.561292,0.512153
4485,1,11/17/15,18:52:52,1.971694,-2.748601,-1.287654,0.346573,-0.571124,0.535037
4486,1,11/17/15,18:52:52,1.302834,-2.310757,-1.778273,0.298137,-0.547618,0.425257
4487,1,11/17/15,18:52:52,0.422748,-2.320642,-1.926529,0.28356,-0.502695,0.37062
4488,1,11/17/15,18:52:52,0.23315,-1.867173,-1.989952,0.331114,-0.43895,0.39045
4489,1,11/17/15,18:52:52,-0.01998,-2.455861,-1.738769,0.430382,-0.346497,0.369884
4490,1,11/17/15,18:52:52,0.056638,-3.946078,-1.514303,0.591096,-0.294532,0.407488
4491,1,11/17/15,18:52:52,-0.100145,-4.94089,-1.122304,0.765391,-0.301551,0.217238
4492,1,11/17/15,18:52:52,-0.43899,-5.416635,-0.203883,0.907983,-0.289048,0.010567
4493,1,11/17/15,18:52:52,-0.480225,-5.28141,0.465023,1.020239,-0.290636,-0.131898
4494,1,11/17/15,18:52:52,-0.538263,-5.079452,1.073213,1.060481,-0.250828,-0.153076
4495,1,11/17/15,18:52:52,-0.454377,-4.348059,1.331138,0.98287,-0.278721,-0.152671
4496,1,11/17/15,18:52:52,-0.226073,-4.032854,1.143906,0.78706,-0.369861,-0.189003
4497,1,11/17/15,18:52:52,-0.91059,-3.305955,1.072085,0.540231,-0.467295,-0.378749
4498,1,11/17/15,18:52:52,-1.321439,-1.975108,1.068361,0.34704,-0.577853,-0.398855
4499,1,11/17/15,18:52:52,-1.801793,-0.494036,0.81141,0.184074,-0.709323,-0.188445
4500,1,11/17/15,18:52:52,-0.600297,-0.680892,0.677638,-0.048297,-0.913933,0.134628
4501,1,11/17/15,18:52:52,0.816044,-1.783536,-0.316579,-0.238959,-1.014472,0.477896
4502,1,11/17/15,18:52:52,1.117598,-1.938344,-1.444245,-0.433072,-1.053684,0.280726
4503,1,11/17/15,18:52:52,1.202727,-2.586572,-2.49311,-0.603143,-1.063437,0.060772
4504,1,11/17/15,18:52:52,1.305347,-2.481382,-3.161931,-0.755001,-1.115382,-0.180646
4505,1,11/17/15,18:52:52,0.763499,-0.997045,-3.301716,-0.859038,-1.117597,-0.504955
4506,1,11/17/15,18:52:52,-0.85247,1.68678,-3.642934,-0.924644,-1.037247,-0.751315
4507,1,11/17/15,18:52:52,-2.624312,4.848995,-3.66354,-0.878109,-0.941199,-0.720248
4508,1,11/17/15,18:52:52,-3.825017,7.807101,-2.780483,-0.772804,-0.867866,-0.62176
4509,1,11/17/15,18:52:52,-5.069152,10.50094,-1.40145,-0.518242,-0.720192,-0.657012
4510,1,11/17/15,18:52:52,-5.139291,13.196646,0.214808,-0.144116,-0.512144,-0.455171
4511,1,11/17/15,18:52:52,-5.355202,15.048403,1.457891,0.306794,-0.275654,-0.368247
4512,1,11/17/15,18:52:52,-4.920939,15.413198,2.071728,0.738905,-0.148115,-0.441278
4513,1,11/17/15,18:52:52,-5.703963,16.294041,2.267991,1.053554,-0.100676,-0.695272
4514,1,11/17/15,18:52:52,-5.410335,16.285769,2.426724,1.28379,-0.106826,-0.578832
4515,1,11/17/15,18:52:52,-5.000729,15.936511,2.630801,1.466388,-0.240809,-0.235083
4516,1,11/17/15,18:52:52,-3.73194,15.568525,2.663783,1.60652,-0.345544,0.000279
4517,1,11/17/15,18:52:52,-4.633043,14.810864,2.660611,1.597585,-0.459933,-0.248099
4518,1,11/17/15,18:52:52,-4.369806,13.190421,2.360675,1.564204,-0.642622,-0.119756
4519,1,11/17/15,18:52:52,-2.876894,10.557025,1.908791,1.5291,-0.882715,0.238981
4520,1,11/17/15,18:52:52,-1.414866,7.636725,1.143635,1.381173,-1.086313,0.260077
4521,1,11/17/15,18:52:52,-0.451785,5.235351,-0.009726,1.186665,-1.178694,0.079837
4522,1,11/17/15,18:52:52,0.306517,3.065478,-1.289606,0.965314,-1.185387,-0.165932
4523,1,11/17/15,18:52:52,1.696672,1.131851,-2.684045,0.753106,-1.091259,-0.265964
4524,1,11/17/15,18:52:52,2.566867,-0.419334,-3.729931,0.524249,-0.855599,-0.462536
4525,1,11/17/15,18:52:52,1.850892,-1.55013,-4.165892,0.349262,-0.566262,-0.785388
4526,1,11/17/15,18:52:52,0.795863,-2.625016,-4.093347,0.186194,-0.34693,-0.968302
4527,1,11/17/15,18:52:52,0.790246,-4.341815,-3.282032,0.052833,-0.230415,-0.885353
4528,1,11/17/15,18:52:52,2.49874,-5.915195,-1.990296,-0.072739,-0.11934,-0.465759
4529,1,11/17/15,18:52:52,4.75431,-7.622494,-1.487816,-0.204893,0.090392,0.182807
4530,1,11/17/15,18:52:52,5.850529,-9.904382,-1.227815,-0.399354,0.210976,0.46703
4531,1,11/17/15,18:52:52,5.033248,-11.733542,-1.210276,-0.555118,0.257269,0.362962
4532,1,11/17/15,18:52:52,4.394715,-12.242084,-1.012534,-0.652401,0.255487,0.241923
4533,1,11/17/15,18:52:52,3.363395,-12.251738,-0.427893,-0.697814,0.227694,0.234186
4534,1,11/17/15,18:52:52,1.90909,-12.179931,0.332326,-0.67152,0.200373,0.299571
4535,1,11/17/15,18:52:52,1.016834,-11.5758,0.87073,-0.523332,0.174298,0.442276
4536,1,11/17/15,18:52:52,0.695716,-10.691962,1.115133,-0.299244,0.198027,0.611141
4537,1,11/17/15,18:52:52,0.446409,-10.086581,1.492415,-0.036582,0.256238,0.796038
4538,1,11/17/15,18:52:52,0.162845,-9.388064,1.683009,0.191156,0.338505,0.90376
4539,1,11/17/15,18:52:52,0.235797,-8.609017,1.509411,0.289646,0.375827,0.794047
4540,1,11/17/15,18:52:52,-0.002422,-8.19725,0.687737,0.242346,0.389116,0.558879
4541,1,11/17/15,18:52:52,-0.481165,-7.713591,-0.063664,0.062526,0.357374,0.292717
4542,1,11/17/15,18:52:52,-0.870245,-7.222207,-1.17237,-0.209454,0.336799,0.057609
4543,1,11/17/15,18:52:52,-1.61022,-7.067723,-2.0122,-0.535747,0.370675,-0.085471
4544,1,11/17/15,18:52:52,-2.227298,-7.272214,-2.408405,-0.809668,0.41714,0.013568
4545,1,11/17/15,18:52:52,-2.495985,-7.825465,-2.304126,-0.994527,0.529619,0.478396
4546,1,11/17/15,18:52:52,-1.823301,-8.127084,-1.888927,-1.113738,0.60874,0.811414
4547,1,11/17/15,18:52:52,-1.835615,-8.680005,-0.971734,-1.182093,0.706036,0.940539
4548,1,11/17/15,18:52:52,-1.739889,-9.643307,-0.202455,-1.133646,0.789529,1.327496
4549,1,11/17/15,18:52:52,-0.787615,-10.54574,0.770384,-0.99921,0.834911,1.701683
4550,1,11/17/15,18:52:52,0.534484,-11.001302,1.412957,-0.812735,0.833636,1.685224
4551,1,11/17/15,18:52:52,1.96772,-11.385476,2.161432,-0.577487,0.7302,1.47858
4552,1,11/17/15,18:52:52,2.492785,-11.204041,3.032951,-0.361751,0.606203,1.051451
4553,1,11/17/15,18:52:52,2.562759,-10.951451,3.918114,-0.217455,0.483745,0.655339
4554,1,11/17/15,18:52:52,3.003614,-10.76171,4.229887,-0.093648,0.377127,0.557092
4555,1,11/17/15,18:52:52,3.762297,-10.637049,3.960818,0.028096,0.242241,0.57833
4556,1,11/17/15,18:52:52,3.699766,-11.102978,3.243468,0.089575,0.106784,0.524571
4557,1,11/17/15,18:52:52,3.106328,-11.884783,2.740151,0.134657,-0.142273,0.397767
4558,1,11/17/15,18:52:52,2.130886,-12.144691,2.212665,0.205876,-0.447021,0.264855
4559,1,11/17/15,18:52:52,0.999266,-11.769489,2.564804,0.274007,-0.664,0.133546
4560,1,11/17/15,18:52:52,5.870425,-6.738466,2.497001,0.392787,-0.881082,-0.0051
4561,1,11/17/15,18:52:52,29.214261,13.848314,-2.350532,0.465686,-0.807607,-0.139801
4562,1,11/17/15,18:52:52,16.653014,19.365719,-12.168903,0.872858,0.146495,1.93586
4563,1,11/17/15,18:52:52,-1.037744,7.314314,-0.275344,1.621199,-0.110238,2.24331
4564,1,11/17/15,18:52:52,-8.228915,23.965182,6.643239,0.535121,-2.264986,-4.904209
4565,1,11/17/15,18:52:52,-37.538244,10.048552,6.961322,0.342017,-1.340516,-7.278813
4566,1,11/17/15,18:52:53,-20.909266,16.032774,-1.675165,1.084763,-0.877532,-0.014275
4567,1,11/17/15,18:52:53,10.159072,18.507719,-4.773885,1.725437,-1.651606,6.198249
4568,1,11/17/15,18:52:53,8.511743,12.960969,-6.585295,0.616976,-1.170994,3.745224
4569,1,11/17/15,18:52:53,-4.100086,10.860754,-6.233585,-0.379287,-0.803111,-0.458229
4570,1,11/17/15,18:52:53,-5.896802,16.808605,-7.732456,-0.264859,-0.924642,0.225468
4571,1,11/17/15,18:52:53,-7.306794,14.467664,-1.531111,-0.126874,-0.611371,0.423372
4572,1,11/17/15,18:52:53,0.33971,11.703664,-0.493832,0.464625,-0.078077,1.303242
4573,1,11/17/15,18:52:53,-2.687643,9.889121,-1.918303,0.517618,0.034388,0.414443
4574,1,11/17/15,18:52:53,-3.945862,9.379341,-3.607154,0.375512,0.057753,-0.031268
4575,1,11/17/15,18:52:53,-5.229588,10.073332,-3.087312,0.294158,0.169905,0.047735
4576,1,11/17/15,18:52:53,-7.170799,10.124615,-2.265762,0.220471,0.265611,0.218077
4577,1,11/17/15,18:52:53,-4.694023,9.899292,-1.854822,0.225964,0.231446,0.82977
4578,1,11/17/15,18:52:53,-5.678662,9.794166,-0.554913,0.134566,0.286721,0.734253
4579,1,11/17/15,18:52:53,-7.194076,9.923462,-0.534059,0.035037,0.407608,0.414803
4580,1,11/17/15,18:52:53,-7.951165,9.921422,-0.974174,-0.031897,0.503848,0.332604
4581,1,11/17/15,18:52:53,-9.695408,10.623094,-0.535536,-0.169103,0.616768,0.071186
4582,1,11/17/15,18:52:53,-11.088828,11.717534,0.972134,-0.218628,0.733855,-0.02717
4583,1,11/17/15,18:52:53,-11.937839,11.984067,2.402172,-0.179794,0.795878,-0.022218
4584,1,11/17/15,18:52:53,-11.739652,11.441362,2.821572,-0.185529,0.728042,-0.077117
4585,1,11/17/15,18:52:53,-10.869819,10.72952,2.780924,-0.239998,0.605933,-0.26649
4586,1,11/17/15,18:52:53,-10.555043,9.994498,2.289947,-0.26454,0.504843,-0.378492
4587,1,11/17/15,18:52:53,-8.926862,9.438874,1.681106,-0.319616,0.434822,-0.276711
4588,1,11/17/15,18:52:53,-7.443985,8.486195,1.112328,-0.431406,0.388748,-0.266176
4589,1,11/17/15,18:52:53,-5.743072,7.930152,0.7297,-0.535227,0.33128,-0.390806
4590,1,11/17/15,18:52:53,-3.847712,7.221924,0.470246,-0.5935,0.283245,-0.428221
4591,1,11/17/15,18:52:53,-1.783908,5.707137,0.355736,-0.595619,0.22699,-0.349201
4592,1,11/17/15,18:52:53,-0.26177,3.47275,-0.18249,-0.578395,0.160321,-0.368834
4593,1,11/17/15,18:52:53,0.201773,1.127304,-0.322136,-0.551967,0.058253,-0.58925
4594,1,11/17/15,18:52:53,-0.114553,-1.035895,0.202336,-0.504225,-0.070709,-0.854239
4595,1,11/17/15,18:52:53,0.492545,-3.146055,0.706093,-0.433958,-0.203951,-0.952523
4596,1,11/17/15,18:52:53,2.181191,-5.263902,0.605196,-0.389973,-0.126511,-0.82315
4597,1,11/17/15,18:52:53,5.333893,-7.12256,0.045519,-0.312269,0.013724,-0.328148
4598,1,11/17/15,18:52:53,9.246071,-8.436971,-0.485761,-0.268998,0.131794,-0.02049
4599,1,11/17/15,18:52:53,12.406984,-10.047955,-0.508609,-0.237122,0.123664,0.053777
4600,1,11/17/15,18:52:53,13.111504,-11.591741,-0.050922,-0.116192,-0.022862,0.269127
4601,1,11/17/15,18:52:53,11.72437,-12.510428,-0.139819,-0.027765,-0.23397,-0.052703
4602,1,11/17/15,18:52:53,10.757561,-12.712736,-0.629573,0.039198,-0.377907,-0.378854
4603,1,11/17/15,18:52:53,9.078207,-12.257338,-0.677401,0.103277,-0.404863,-0.448795
4604,1,11/17/15,18:52:53,6.742929,-11.378743,-0.842386,0.074217,-0.359984,-0.373341
4605,1,11/17/15,18:52:53,4.508071,-10.700427,-1.136628,-0.001283,-0.295569,-0.163201
4606,1,11/17/15,18:52:53,2.283167,-10.271857,-1.324291,-0.073926,-0.222465,0.041321
4607,1,11/17/15,18:52:53,0.575087,-9.77183,-1.481593,-0.143383,-0.121804,0.162279
4608,1,11/17/15,18:52:53,-0.411923,-9.093273,-1.462189,-0.179328,-0.027981,0.219943
4609,1,11/17/15,18:52:53,-1.106875,-8.16654,-0.991986,-0.160726,0.059036,0.219716
4610,1,11/17/15,18:52:53,-1.526842,-7.075152,-0.201266,-0.093577,0.121979,0.099945
4611,1,11/17/15,18:52:53,-1.497445,-5.823595,0.774517,0.036323,0.1637,-0.093259
4612,1,11/17/15,18:52:53,-1.307373,-5.132554,1.684103,0.19613,0.21355,-0.240584
4613,1,11/17/15,18:52:53,-0.828112,-5.103446,2.426746,0.3512,0.273152,-0.213915
4614,1,11/17/15,18:52:53,0.028493,-5.953346,2.602277,0.464618,0.312283,-0.043254
4615,1,11/17/15,18:52:53,0.861088,-6.945722,2.556839,0.517946,0.326047,0.157336
4616,1,11/17/15,18:52:53,1.343106,-7.758591,1.955472,0.54946,0.304882,0.271312
4617,1,11/17/15,18:52:53,1.562315,-8.453923,1.457558,0.540264,0.285729,0.377313
4618,1,11/17/15,18:52:53,1.845345,-9.162676,0.913487,0.487403,0.231894,0.50304
4619,1,11/17/15,18:52:53,2.238042,-9.71121,0.681416,0.38232,0.116258,0.549071
4620,1,11/17/15,18:52:53,2.585045,-9.888532,0.377798,0.277933,-0.047184,0.552373
4621,1,11/17/15,18:52:53,2.486733,-10.013124,0.031375,0.173656,-0.188865,0.589747
4622,1,11/17/15,18:52:53,2.42544,-9.812123,-0.270709,0.089692,-0.291997,0.696002
4623,1,11/17/15,18:52:53,2.951691,-9.637132,-0.520088,0.044318,-0.338527,0.853771
4624,1,11/17/15,18:52:53,3.028288,-9.584939,-0.812383,0.03406,-0.349516,0.967056
4625,1,11/17/15,18:52:53,2.843238,-9.024667,-0.939585,0.046812,-0.329326,0.936679
4626,1,11/17/15,18:52:53,3.063324,-8.408923,-1.173748,0.091876,-0.28885,0.84694
4627,1,11/17/15,18:52:53,3.587939,-8.207469,-1.166193,0.148172,-0.236872,0.808314
4628,1,11/17/15,18:52:53,3.753656,-8.505797,-1.221194,0.181325,-0.198085,0.735303
4629,1,11/17/15,18:52:53,3.235222,-9.428821,-1.005434,0.133866,-0.123312,0.472578
4630,1,11/17/15,18:52:53,2.17876,-10.766758,-1.055256,0.035463,-0.031134,0.13066
4631,1,11/17/15,18:52:53,1.019885,-11.965405,-1.216042,-0.021376,-0.010431,-0.086709
4632,1,11/17/15,18:52:53,-0.555764,-12.694584,-1.730889,-0.063491,0.004152,-0.193277
4633,1,11/17/15,18:52:53,-2.070834,-13.514868,-1.904804,-0.170765,0.084474,-0.178916
4634,1,11/17/15,18:52:53,-3.525594,-13.682988,-1.424236,-0.16192,0.087511,-0.014843
4635,1,11/17/15,18:52:53,-4.132645,-11.790025,-0.461164,-0.041859,0.037129,0.312104
4636,1,11/17/15,18:52:53,-1.671357,-7.115036,-0.315052,0.134529,0.064483,1.121234
4637,1,11/17/15,18:52:53,13.31852,35.43539,-2.596824,0.409562,0.313187,1.519426
4638,1,11/17/15,18:52:53,-0.415303,34.665039,-9.458171,0.503123,1.1294,0.314605
4639,1,11/17/15,18:52:53,-21.972237,23.721923,7.831394,2.035034,1.085639,-0.567964
4640,1,11/17/15,18:52:53,-28.179095,2.239167,2.828444,0.600074,0.584365,-7.748181
4641,1,11/17/15,18:52:53,-23.103732,6.275064,6.413517,1.061495,0.555858,-0.775037
4642,1,11/17/15,18:52:53,1.851329,18.981266,-0.304163,2.199439,-0.414586,4.765062
4643,1,11/17/15,18:52:53,2.081923,15.505127,-4.508105,1.003045,-0.418832,3.25725
4644,1,11/17/15,18:52:53,-6.317394,16.180661,-1.080077,-0.349735,-0.313849,-0.074824
4645,1,11/17/15,18:52:53,-10.87689,16.70211,-0.757567,-0.731225,-0.506731,-0.391799
4646,1,11/17/15,18:52:53,-17.446114,19.750032,5.768037,-0.868735,-0.824713,-0.502062
4647,1,11/17/15,18:52:53,-17.102582,16.293324,5.614548,-0.09989,-0.195137,0.478349
4648,1,11/17/15,18:52:53,-6.8716,15.230653,2.150579,0.862158,0.22173,2.118562
4649,1,11/17/15,18:52:53,-9.412415,12.7047,1.338508,0.822631,0.189833,1.112986
4650,1,11/17/15,18:52:53,-10.646603,12.583824,1.220025,0.580062,0.109999,0.478487
4651,1,11/17/15,18:52:53,-11.174068,12.29247,1.864473,0.434549,-0.018483,0.562934
4652,1,11/17/15,18:52:53,-13.472962,11.737032,2.725383,0.188071,-0.140669,0.313561
4653,1,11/17/15,18:52:53,-12.88145,10.951917,2.810202,0.118911,-0.287864,0.530845
4654,1,11/17/15,18:52:53,-12.288653,10.116464,2.605868,0.110733,-0.308872,0.612824
4655,1,11/17/15,18:52:53,-12.395227,8.99158,1.265857,0.071205,-0.221717,0.392183
4656,1,11/17/15,18:52:53,-12.746745,8.094987,0.005672,-0.00634,-0.101248,0.110105
4657,1,11/17/15,18:52:53,-12.753608,7.224102,-0.50324,-0.113029,0.019239,-0.176947
4658,1,11/17/15,18:52:53,-11.723778,5.810591,-0.265388,-0.210105,0.109481,-0.3369
4659,1,11/17/15,18:52:53,-10.228694,4.703729,0.40267,-0.297209,0.171776,-0.465285
4660,1,11/17/15,18:52:53,-8.408102,3.979379,1.054233,-0.376586,0.183152,-0.682227
4661,1,11/17/15,18:52:53,-6.897751,3.530284,1.560366,-0.452045,0.190278,-0.797547
4662,1,11/17/15,18:52:53,-5.474273,2.99175,1.947317,-0.52162,0.219722,-0.850844
4663,1,11/17/15,18:52:53,-3.977691,2.027776,1.675517,-0.599953,0.203702,-0.956176
4664,1,11/17/15,18:52:53,-2.942836,0.559447,1.042709,-0.68351,0.22382,-1.083141
4665,1,11/17/15,18:52:53,-1.577956,-1.183121,0.291555,-0.712936,0.238546,-1.125344
4666,1,11/17/15,18:52:53,0.340564,-2.596568,-0.638045,-0.638069,0.22214,-0.993908
4667,1,11/17/15,18:52:53,4.26247,-3.684339,-0.81502,-0.566882,0.22187,-0.668732
4668,1,11/17/15,18:52:53,9.352314,-3.45353,-1.51656,-0.513759,0.284898,-0.270999
4669,1,11/17/15,18:52:53,12.843375,-4.001255,-2.418844,-0.578762,0.411832,-0.161542
4670,1,11/17/15,18:52:53,13.526509,-5.022861,-2.202695,-0.595863,0.457978,-0.190575
4671,1,11/17/15,18:52:54,13.874451,-7.221527,-2.569027,-0.576771,0.47748,-0.012184
4672,1,11/17/15,18:52:54,13.054845,-9.715591,-3.423118,-0.541782,0.524757,0.341466
4673,1,11/17/15,18:52:54,10.208537,-11.526827,-3.163971,-0.572388,0.537427,0.286202
4674,1,11/17/15,18:52:54,7.686615,-11.839195,-2.587001,-0.598253,0.541388,0.183643
4675,1,11/17/15,18:52:54,5.170377,-11.776148,-1.584797,-0.5967,0.59805,0.385066
4676,1,11/17/15,18:52:54,2.764852,-12.377269,-0.688055,-0.490583,0.718989,0.894789
4677,1,11/17/15,18:52:54,1.20295,-12.870964,-0.02803,-0.26487,0.803362,1.403544
4678,1,11/17/15,18:52:54,0.300823,-12.111507,0.422008,-0.08222,0.835442,1.264874
4679,1,11/17/15,18:52:54,-0.374295,-9.622449,0.973879,-0.000275,0.824573,0.209418
4680,1,11/17/15,18:52:54,-1.244444,-5.688909,1.819699,0.110083,0.763427,-0.941361
4681,1,11/17/15,18:52:54,-2.289875,-1.055236,2.388662,0.267388,0.723456,-1.61754
4682,1,11/17/15,18:52:54,-4.063505,0.364413,2.748898,0.349141,0.828292,-1.211776
4683,1,11/17/15,18:52:54,-4.698048,-3.015547,2.397112,0.291927,1.008289,-0.170708
4684,1,11/17/15,18:52:54,-2.501812,-6.03606,1.793496,0.236618,0.932104,0.774991
4685,1,11/17/15,18:52:54,-0.274717,-6.893852,0.525419,0.248422,0.601656,1.086476
4686,1,11/17/15,18:52:54,0.697534,-7.679332,0.072629,0.152653,0.404061,1.019037
4687,1,11/17/15,18:52:54,1.588761,-9.278435,0.069881,0.02538,0.310894,1.073489
4688,1,11/17/15,18:52:54,1.946533,-10.600135,-0.112375,-0.040901,0.250804,1.314351
4689,1,11/17/15,18:52:54,1.923341,-11.755936,0.618353,-0.158438,0.093012,1.110356
4690,1,11/17/15,18:52:54,2.138691,-12.797243,0.819982,-0.247836,-0.057704,0.922334
4691,1,11/17/15,18:52:54,2.931374,-12.730397,0.910073,-0.246926,-0.090279,1.064465
4692,1,11/17/15,18:52:54,2.415354,-12.873488,1.285376,-0.309264,-0.133193,0.898619
4693,1,11/17/15,18:52:54,1.439864,-12.277028,1.085738,-0.235037,-0.234122,0.64726
4694,1,11/17/15,18:52:54,1.03705,-11.309254,0.824702,-0.169538,-0.211147,0.60467
4695,1,11/17/15,18:52:54,0.883475,-10.178423,0.547581,-0.101313,-0.143194,0.664255
4696,1,11/17/15,18:52:54,0.482434,-9.326598,0.706207,-0.044436,-0.086957,0.523303
4697,1,11/17/15,18:52:54,-0.486661,-9.151855,0.903228,-0.077745,-0.053225,0.088148
4698,1,11/17/15,18:52:54,-0.893744,-8.957466,0.887203,-0.070604,-0.028439,-0.140146
4699,1,11/17/15,18:52:54,-0.872285,-8.978838,0.416061,-0.042079,0.049403,-0.109429
4700,1,11/17/15,18:52:54,-1.599448,-10.002702,0.178944,-0.083027,0.165743,-0.063305
4701,1,11/17/15,18:52:54,-2.291864,-11.242859,0.048201,-0.086229,0.279906,0.064761
4702,1,11/17/15,18:52:54,-2.077949,-12.093475,-0.607196,-0.006387,0.339115,0.272594
4703,1,11/17/15,18:52:54,-1.826117,-13.016352,-0.952032,0.023287,0.482818,0.563891
4704,1,11/17/15,18:52:54,-1.985191,-13.998279,-0.699213,0.076215,0.59254,0.772749
4705,1,11/17/15,18:52:54,1.202734,-11.457899,-0.926904,0.288198,0.49974,0.710733
4706,1,11/17/15,18:52:54,10.004398,-1.657446,-3.849012,0.650765,0.137277,0.158667
4707,1,11/17/15,18:52:54,23.314431,20.640483,-6.910593,0.162533,0.111527,-1.737158
4708,1,11/17/15,18:52:54,3.44002,9.8953,-7.760308,-0.011388,0.855337,-1.5715
4709,1,11/17/15,18:52:54,-3.073922,3.244655,-7.353535,1.122726,0.575273,-0.92727
4710,1,11/17/15,18:52:54,-21.302315,21.943085,11.490118,0.179913,-0.702883,-7.31044
4711,1,11/17/15,18:52:54,-39.332328,14.162659,9.885009,-0.483082,-1.234969,-9.211127
4712,1,11/17/15,18:52:54,-34.200516,11.665271,2.264678,0.089842,-0.239995,-2.318529
4713,1,11/17/15,18:52:54,-0.899978,18.222577,-3.758865,1.549243,-0.468824,6.340155
4714,1,11/17/15,18:52:54,10.116399,22.269609,-6.422385,1.045235,-0.291736,5.63702
4715,1,11/17/15,18:52:54,-14.462026,19.201067,-5.702308,-0.608552,-0.430474,-1.317764
4716,1,11/17/15,18:52:54,-14.457298,22.932533,-3.946738,-0.447317,-0.571785,-0.981678
4717,1,11/17/15,18:52:54,-10.39877,19.099128,-2.947632,0.060233,0.053348,0.261363
4718,1,11/17/15,18:52:54,-7.109232,18.145761,-3.756334,0.260221,0.165829,0.441658
4719,1,11/17/15,18:52:54,-9.100671,18.439255,-1.355581,0.182502,0.127473,0.133444
4720,1,11/17/15,18:52:54,-10.060191,17.996148,1.238448,0.179211,0.144699,-0.091614
4721,1,11/17/15,18:52:54,-10.455749,16.916969,0.919126,0.220454,0.140991,0.072127
4722,1,11/17/15,18:52:54,-10.795385,15.096693,0.568441,0.113996,-0.008137,0.068419
4723,1,11/17/15,18:52:54,-10.745297,13.885032,0.210454,0.032979,-0.198775,0.162068
4724,1,11/17/15,18:52:54,-11.1584,13.299319,-0.855144,-0.01827,-0.295599,0.135153
4725,1,11/17/15,18:52:54,-11.498648,12.208402,-2.031147,-0.088222,-0.316548,-0.000748
4726,1,11/17/15,18:52:54,-11.184602,10.921513,-2.910338,-0.213815,-0.294139,-0.152294
4727,1,11/17/15,18:52:54,-11.15556,9.4795,-2.647882,-0.364616,-0.246417,-0.40668
4728,1,11/17/15,18:52:54,-11.225332,7.825973,-1.635666,-0.463583,-0.157126,-0.663301
4729,1,11/17/15,18:52:54,-10.449398,6.381659,-0.86844,-0.488816,-0.0488,-0.748675
4730,1,11/17/15,18:52:54,-9.739975,5.095824,-0.05907,-0.516708,0.034379,-0.893227
4731,1,11/17/15,18:52:54,-8.403865,3.918157,0.258194,-0.526245,0.112959,-0.909171
4732,1,11/17/15,18:52:54,-6.330306,3.319588,0.115221,-0.56832,0.163999,-0.901679
4733,1,11/17/15,18:52:54,-4.067236,2.18056,-0.524882,-0.59627,0.238025,-0.893246
4734,1,11/17/15,18:52:54,-1.660799,0.262411,-1.20216,-0.611327,0.268158,-0.795673
4735,1,11/17/15,18:52:54,0.418207,-1.491031,-1.160288,-0.573743,0.272362,-0.842408
4736,1,11/17/15,18:52:54,2.841741,-3.187887,-1.097888,-0.515868,0.316261,-0.915013
4737,1,11/17/15,18:52:54,5.67716,-4.315029,-0.863975,-0.479633,0.358307,-0.903207
4738,1,11/17/15,18:52:54,8.740601,-5.488787,-0.422121,-0.495492,0.430223,-0.800632
4739,1,11/17/15,18:52:54,12.15858,-6.366457,-0.347456,-0.474933,0.510773,-0.524037
4740,1,11/17/15,18:52:54,14.378962,-7.954223,-0.320402,-0.417006,0.542795,-0.176463
4741,1,11/17/15,18:52:54,13.703969,-9.557988,-0.722652,-0.333005,0.516663,-0.130232
4742,1,11/17/15,18:52:54,12.388861,-10.61317,-1.494095,-0.310133,0.416114,-0.160211
4743,1,11/17/15,18:52:54,10.498424,-10.99064,-1.641172,-0.317017,0.338458,-0.135255
4744,1,11/17/15,18:52:54,7.981349,-10.532689,-0.836788,-0.337418,0.303001,-0.037505
4745,1,11/17/15,18:52:54,5.908503,-9.969754,-0.120821,-0.359422,0.315858,0.195429
4746,1,11/17/15,18:52:54,4.036834,-10.198003,0.406551,-0.313756,0.39119,0.56005
4747,1,11/17/15,18:52:54,2.366554,-10.748165,1.13397,-0.213757,0.439078,0.841203
4748,1,11/17/15,18:52:54,0.999859,-10.405596,1.390615,-0.061445,0.389069,0.771307
4749,1,11/17/15,18:52:54,0.17759,-8.881801,1.67027,0.04598,0.327359,0.388145
4750,1,11/17/15,18:52:54,-0.46759,-6.517971,1.684727,0.146165,0.224211,-0.137907
4751,1,11/17/15,18:52:54,-1.442047,-4.473187,1.549038,0.198022,0.194792,-0.461625
4752,1,11/17/15,18:52:54,-1.784568,-3.554444,1.201351,0.242181,0.235898,-0.333177
4753,1,11/17/15,18:52:54,-1.673715,-4.375818,0.718498,0.216933,0.411407,0.145011
4754,1,11/17/15,18:52:54,-1.042123,-6.000251,0.081825,0.148553,0.530283,0.574353
4755,1,11/17/15,18:52:54,0.052704,-7.08202,-0.631838,0.096823,0.482257,0.740297
4756,1,11/17/15,18:52:54,0.996406,-7.922594,-0.992716,0.033792,0.435779,0.856231
4757,1,11/17/15,18:52:54,1.574134,-8.853332,-1.113495,-0.032784,0.425513,0.905297
4758,1,11/17/15,18:52:54,2.038961,-9.74925,-0.949508,-0.058213,0.397119,0.977846
4759,1,11/17/15,18:52:54,1.705198,-10.285487,-0.246777,-0.094436,0.280788,0.772729
4760,1,11/17/15,18:52:54,1.365482,-10.227341,0.249587,-0.133554,0.150058,0.499076
4761,1,11/17/15,18:52:54,1.429428,-10.123925,0.581563,-0.139405,0.070558,0.437491
4762,1,11/17/15,18:52:54,1.445601,-10.193359,0.548688,-0.138135,0.019084,0.535231
4763,1,11/17/15,18:52:54,1.36008,-10.627012,0.955267,-0.149242,-0.031302,0.571554
4764,1,11/17/15,18:52:54,1.689466,-11.086312,1.013748,-0.121266,0.020893,0.65128
4765,1,11/17/15,18:52:54,1.098527,-10.914601,0.734049,-0.077579,0.045952,0.626566
4766,1,11/17/15,18:52:54,0.334295,-10.874645,0.87484,-0.068892,-0.096522,0.267457
4767,1,11/17/15,18:52:54,0.024291,-10.458811,0.787853,-0.003904,-0.172683,0.072894
4768,1,11/17/15,18:52:54,0.169042,-9.865947,0.640822,0.08096,-0.190734,0.059032
4769,1,11/17/15,18:52:54,0.202173,-9.247817,0.491196,0.094411,-0.253583,-0.121015
4770,1,11/17/15,18:52:54,-0.258631,-9.144604,0.280587,0.112863,-0.275732,-0.241255
4771,1,11/17/15,18:52:54,-0.292628,-8.845093,0.184336,0.219904,-0.340227,-0.25629
4772,1,11/17/15,18:52:54,-0.306602,-8.716983,0.385587,0.304461,-0.379984,-0.183894
4773,1,11/17/15,18:52:54,0.174798,-9.445065,0.725248,0.390974,-0.353068,0.085866
4774,1,11/17/15,18:52:54,-0.128897,-11.295149,1.521932,0.3821,-0.204474,0.513499
4775,1,11/17/15,18:52:54,-0.785412,-12.861633,1.7694,0.320098,-0.121527,0.765155
4776,1,11/17/15,18:52:55,-2.174869,-13.817129,1.013376,0.244106,-0.119913,0.765798
4777,1,11/17/15,18:52:55,-1.702364,-13.048438,-0.039919,0.271,-0.194063,0.887375
4778,1,11/17/15,18:52:55,4.22019,-6.906058,-1.362098,0.733859,-0.420978,1.253328
4779,1,11/17/15,18:52:55,23.412068,20.292945,-8.599911,0.881278,-0.780007,0.440071
4780,1,11/17/15,18:52:55,6.325385,20.745689,-5.991147,-0.503999,-0.310365,-1.912645
4781,1,11/17/15,18:52:55,-12.240437,6.294833,-9.4914,0.669303,-0.618681,-1.09494
4782,1,11/17/15,18:52:55,-26.290191,20.117002,2.572689,-0.608632,-1.872846,-7.608354
4783,1,11/17/15,18:52:55,-52.260495,4.938737,4.124844,-0.661433,-0.774365,-8.935453
4784,1,11/17/15,18:52:55,-34.349412,10.720647,-0.986283,0.971806,0.12628,-0.094321
4785,1,11/17/15,18:52:55,9.858503,20.139218,-8.380152,2.886026,0.518744,9.117796
4786,1,11/17/15,18:52:55,4.579195,16.362588,-7.123347,1.548392,0.383122,4.961409
4787,1,11/17/15,18:52:55,-17.577578,10.489784,-2.438116,-0.588564,-0.61156,-2.496856
4788,1,11/17/15,18:52:55,-16.083869,19.138147,-1.053219,-0.178411,-0.964586,-0.300984
4789,1,11/17/15,18:52:55,-16.185991,13.700709,-0.329215,0.020533,-0.49746,0.392866
4790,1,11/17/15,18:52:55,-7.431988,13.86153,-2.807153,0.508938,0.032653,1.646676
4791,1,11/17/15,18:52:55,-9.432107,11.52787,-1.850089,0.46356,0.010556,0.9674
4792,1,11/17/15,18:52:55,-11.617376,12.209917,-1.822647,0.359095,-0.121926,0.23035
4793,1,11/17/15,18:52:55,-12.807087,12.444495,-1.671424,0.35307,-0.146775,0.359301
4794,1,11/17/15,18:52:55,-12.738779,11.620217,-1.82884,0.2798,-0.16295,0.35467
4795,1,11/17/15,18:52:55,-11.383342,11.282957,-2.316678,0.290557,-0.109883,0.629357
4796,1,11/17/15,18:52:55,-12.072522,11.353914,-2.902605,0.196324,-0.075036,0.525583
4797,1,11/17/15,18:52:55,-12.720763,11.295559,-3.249808,0.124587,-0.053118,0.439445
4798,1,11/17/15,18:52:55,-12.581911,10.452423,-2.337417,0.077333,-0.02177,0.295835
4799,1,11/17/15,18:52:55,-12.386998,9.733092,-1.530911,0.062141,0.026562,0.153475
4800,1,11/17/15,18:52:55,-12.163287,8.754057,-0.528685,0.042607,0.014918,-0.042249
4801,1,11/17/15,18:52:55,-11.994126,7.618834,-0.277862,0.00989,-0.039859,-0.223748
4802,1,11/17/15,18:52:55,-11.289406,6.142952,-0.188806,-0.043945,-0.100953,-0.342628
4803,1,11/17/15,18:52:55,-10.265224,4.942653,-0.694214,-0.082759,-0.144254,-0.38274
4804,1,11/17/15,18:52:55,-9.83676,3.771033,-0.970106,-0.177775,-0.189916,-0.623013
4805,1,11/17/15,18:52:55,-9.173922,3.218479,-1.36827,-0.259891,-0.214782,-0.843074
4806,1,11/17/15,18:52:55,-8.068547,2.579882,-1.707035,-0.323044,-0.168914,-0.914297
4807,1,11/17/15,18:52:55,-6.638444,1.873057,-1.770888,-0.380657,-0.085175,-0.938944
4808,1,11/17/15,18:52:55,-5.204588,1.152011,-2.033032,-0.460955,-0.007419,-1.055901
4809,1,11/17/15,18:52:55,-3.832701,0.306338,-2.207864,-0.52591,0.056405,-1.203728
4810,1,11/17/15,18:52:55,-2.473477,-0.991623,-2.083857,-0.563803,0.090639,-1.324951
4811,1,11/17/15,18:52:55,-0.689626,-2.521696,-2.026252,-0.556074,0.079647,-1.359742
4812,1,11/17/15,18:52:55,2.148526,-3.852962,-1.289209,-0.534312,0.054583,-1.252471
4813,1,11/17/15,18:52:55,5.263993,-4.842775,-0.3428,-0.508961,0.052462,-1.069048
4814,1,11/17/15,18:52:55,7.61477,-6.330039,0.38846,-0.472999,0.024946,-1.054297
4815,1,11/17/15,18:52:55,9.065666,-7.206114,1.330502,-0.382943,0.004026,-0.928539
4816,1,11/17/15,18:52:55,10.753082,-7.641107,1.723506,-0.304334,-0.053147,-0.73465
4817,1,11/17/15,18:52:55,11.632204,-8.094183,1.719767,-0.196149,-0.190651,-0.654014
4818,1,11/17/15,18:52:55,10.700197,-8.790484,1.495999,-0.085153,-0.320465,-0.622319
4819,1,11/17/15,18:52:55,9.539869,-9.336808,1.079768,-0.025248,-0.369905,-0.561221
4820,1,11/17/15,18:52:55,7.48628,-9.421107,0.455781,0.03398,-0.381094,-0.511317
4821,1,11/17/15,18:52:55,5.388144,-9.692092,0.147868,0.061553,-0.365299,-0.324032
4822,1,11/17/15,18:52:55,3.474159,-10.024803,-0.262183,0.101009,-0.325323,-0.032966
4823,1,11/17/15,18:52:55,2.058002,-10.227837,-0.446615,0.148582,-0.289973,0.194484
4824,1,11/17/15,18:52:55,0.690004,-9.779633,-0.495132,0.181298,-0.251721,0.188452
4825,1,11/17/15,18:52:55,-0.053072,-8.506685,-0.510371,0.194586,-0.2541,0.003147
4826,1,11/17/15,18:52:55,-0.850499,-7.216835,-0.593265,0.209731,-0.250438,-0.199731
4827,1,11/17/15,18:52:55,-1.554474,-6.240939,-0.602814,0.208584,-0.230315,-0.413049
4828,1,11/17/15,18:52:55,-1.807218,-5.652422,-0.820075,0.184214,-0.182339,-0.510748
4829,1,11/17/15,18:52:55,-1.506799,-6.009444,-0.912758,0.156604,-0.103398,-0.387927
4830,1,11/17/15,18:52:55,-0.806059,-6.598588,-0.769295,0.12638,-0.037913,-0.185578
4831,1,11/17/15,18:52:55,-0.454784,-7.290548,-0.616327,0.088035,-0.016701,-0.083501
4832,1,11/17/15,18:52:55,0.094638,-7.641523,-0.391717,0.073949,-0.030358,0.049342
4833,1,11/17/15,18:52:55,1.012983,-7.911744,-0.448735,0.080645,-0.004083,0.249804
4834,1,11/17/15,18:52:55,1.653038,-8.694872,-0.424688,0.07446,0.054873,0.4694
4835,1,11/17/15,18:52:55,1.887355,-9.422646,-0.104593,0.050774,0.048497,0.515052
4836,1,11/17/15,18:52:55,1.657561,-9.511082,-0.052152,-0.039865,0.024825,0.376656
4837,1,11/17/15,18:52:55,1.493392,-9.350641,0.01586,-0.094272,-0.033903,0.32657
4838,1,11/17/15,18:52:55,2.25686,-9.544601,-0.219207,-0.095076,-0.051462,0.596086
4839,1,11/17/15,18:52:55,2.115036,-10.199794,-0.108152,-0.123963,-0.054713,0.745958
4840,1,11/17/15,18:52:55,2.081244,-10.501797,-0.174939,-0.15529,-0.09194,0.64502
4841,1,11/17/15,18:52:55,2.409969,-10.039327,-0.413706,-0.140393,-0.109774,0.602037
4842,1,11/17/15,18:52:55,2.265219,-9.918263,-0.382996,-0.126667,-0.117694,0.46594
4843,1,11/17/15,18:52:55,2.208662,-9.727926,-0.387825,-0.096171,-0.107082,0.413402
4844,1,11/17/15,18:52:55,2.012191,-9.786608,-0.401097,-0.083148,-0.100023,0.371194
4845,1,11/17/15,18:52:55,2.302521,-9.892358,-0.393921,-0.085669,-0.076827,0.348886
4846,1,11/17/15,18:52:55,2.092698,-10.043214,-0.563462,-0.118791,-0.067274,0.186458
4847,1,11/17/15,18:52:55,1.163106,-10.547669,-0.432741,-0.158216,-0.094521,-0.023418
4848,1,11/17/15,18:52:55,-0.387028,-11.089529,-0.697432,-0.197105,-0.053287,0.034169
4849,1,11/17/15,18:52:55,-1.545984,-11.900982,-0.649946,-0.294202,0.085997,0.238472
4850,1,11/17/15,18:52:55,1.86318,-8.782581,-0.95749,0.046121,0.067487,0.624911
4851,1,11/17/15,18:52:55,7.992387,-1.374514,-2.413089,0.493473,-0.069864,0.520524
4852,1,11/17/15,18:52:55,8.422863,5.26746,-2.254317,0.297899,0.113983,-0.704669
4853,1,11/17/15,18:52:55,1.479897,11.335772,5.574269,0.583848,0.416684,-0.750531
4854,1,11/17/15,18:52:55,-12.026393,18.548205,-6.297105,1.115918,0.407103,-2.098245
4855,1,11/17/15,18:52:55,-23.474217,21.610587,-2.761841,0.338877,-0.341294,-6.361977
4856,1,11/17/15,18:52:55,-37.676565,13.461926,4.695243,-0.765249,0.034363,-8.422457
4857,1,11/17/15,18:52:55,-34.293418,14.14726,-1.304237,0.307205,1.009426,-0.463805
4858,1,11/17/15,18:52:55,-4.816669,19.380152,-4.558667,1.499178,0.394863,5.886877
4859,1,11/17/15,18:52:55,-0.300998,13.108983,-1.705114,0.76721,0.336584,4.550421
4860,1,11/17/15,18:52:55,-13.450008,12.05357,2.091749,-0.301414,0.271675,-0.196461
4861,1,11/17/15,18:52:55,-13.182051,14.968475,-0.883277,-0.038109,0.186912,0.175249
4862,1,11/17/15,18:52:55,-15.162612,11.619938,0.596638,0.037341,0.304998,0.129813
4863,1,11/17/15,18:52:55,-9.350641,10.317375,0.553307,0.318521,0.347414,0.913116
4864,1,11/17/15,18:52:55,-9.090723,8.734265,0.806952,0.354962,0.294854,0.890241
4865,1,11/17/15,18:52:55,-9.603529,7.86066,1.409273,0.299354,0.22238,0.727663
4866,1,11/17/15,18:52:55,-8.938907,7.305462,1.575495,0.328011,0.162748,0.919608
4867,1,11/17/15,18:52:55,-8.715684,6.490508,1.348819,0.279593,0.088807,0.868853
4868,1,11/17/15,18:52:55,-8.191363,5.895537,0.745931,0.254808,-0.014539,0.863786
4869,1,11/17/15,18:52:55,-7.822246,5.314668,0.229467,0.259037,-0.084848,0.879115
4870,1,11/17/15,18:52:55,-7.148836,4.579227,-0.063397,0.291923,-0.104482,0.980147
4871,1,11/17/15,18:52:55,-6.278154,3.750152,-0.412323,0.330754,-0.082659,1.064831
4872,1,11/17/15,18:52:55,-5.868301,3.036041,-0.637563,0.347481,-0.032393,1.005544
4873,1,11/17/15,18:52:55,-5.788417,2.403164,-0.481707,0.328039,-0.00757,0.872648
4874,1,11/17/15,18:52:55,-5.525688,1.532511,-0.151921,0.302249,-0.002652,0.804445
4875,1,11/17/15,18:52:55,-5.172674,0.641459,0.030323,0.281656,-0.011474,0.780008
4876,1,11/17/15,18:52:55,-4.770177,-0.389016,0.143125,0.263482,-0.026822,0.770732
4877,1,11/17/15,18:52:55,-4.424073,-1.473487,0.04514,0.245013,-0.014571,0.731485
4878,1,11/17/15,18:52:55,-4.097772,-2.397971,-0.123142,0.234906,0.008332,0.701978
4879,1,11/17/15,18:52:55,-3.80709,-3.172723,-0.366503,0.207477,0.037519,0.621824
4880,1,11/17/15,18:52:56,-3.428623,-3.867362,-0.528255,0.179841,0.077036,0.603258
4881,1,11/17/15,18:52:56,-3.171057,-4.406889,-0.623292,0.147197,0.107485,0.549733
4882,1,11/17/15,18:52:56,-2.824302,-4.91286,-0.763523,0.101505,0.132363,0.487705
4883,1,11/17/15,18:52:56,-2.426552,-5.229329,-0.518649,0.069885,0.149601,0.430468
4884,1,11/17/15,18:52:56,-2.083131,-5.441275,-0.323069,0.04767,0.179405,0.352085
4885,1,11/17/15,18:52:56,-2.017013,-5.485634,-0.047515,0.001875,0.193239,0.205141
4886,1,11/17/15,18:52:56,-1.694209,-5.595395,0.286233,-0.018339,0.182226,0.127189
4887,1,11/17/15,18:52:56,-1.727308,-5.339079,0.658579,-0.033541,0.165926,-0.014556
4888,1,11/17/15,18:52:56,-1.800379,-4.944358,0.854847,-0.059067,0.147404,-0.163816
4889,1,11/17/15,18:52:56,-1.800465,-4.75049,0.910575,-0.072951,0.124207,-0.220267
4890,1,11/17/15,18:52:56,-1.756684,-4.46684,0.847829,-0.061931,0.095078,-0.254428
4891,1,11/17/15,18:52:56,-1.69102,-4.090484,0.744801,-0.054513,0.079336,-0.276366
4892,1,11/17/15,18:52:56,-1.701326,-3.825228,0.568738,-0.037593,0.068135,-0.283914
4893,1,11/17/15,18:52:56,-1.756109,-3.444683,0.279775,-0.020842,0.053093,-0.293643
4894,1,11/17/15,18:52:56,-1.984821,-3.128585,0.223964,-0.022797,0.03794,-0.353902
4895,1,11/17/15,18:52:56,-2.05092,-2.697058,0.137214,-0.025693,0.015121,-0.382929
4896,1,11/17/15,18:52:56,-2.150709,-2.387201,0.178122,-0.033965,-0.00867,-0.41622
4897,1,11/17/15,18:52:56,-2.14803,-2.182083,0.25113,-0.055471,-0.026058,-0.473416
4898,1,11/17/15,18:52:56,-2.117508,-1.99748,0.316358,-0.054175,-0.037766,-0.464784
4899,1,11/17/15,18:52:56,-2.020791,-1.616138,0.1528,-0.046467,-0.048577,-0.465592
4900,1,11/17/15,18:52:56,-2.072407,-1.502484,-0.041389,-0.042167,-0.049643,-0.487459
4901,1,11/17/15,18:52:56,-2.123623,-1.230791,-0.183295,-0.023109,-0.056051,-0.511374
4902,1,11/17/15,18:52:56,-2.296955,-0.929066,-0.30515,0.006811,-0.07141,-0.538521
4903,1,11/17/15,18:52:56,-2.387199,-0.642985,-0.27746,0.042682,-0.093208,-0.547803
4904,1,11/17/15,18:52:56,-2.406812,-0.248902,-0.231445,0.084082,-0.11432,-0.532471
4905,1,11/17/15,18:52:56,-2.335516,0.196516,-0.23069,0.121124,-0.138234,-0.505315
4906,1,11/17/15,18:52:56,-2.454313,0.146437,-0.098229,0.137682,-0.162214,-0.49198
4907,1,11/17/15,18:52:56,-2.327804,0.327042,-0.168198,0.164567,-0.197649,-0.446565
4908,1,11/17/15,18:52:56,-2.375243,0.288523,-0.289832,0.154171,-0.225631,-0.436828
4909,1,11/17/15,18:52:56,-2.383513,0.332203,-0.38661,0.126278,-0.249283,-0.417801
4910,1,11/17/15,18:52:56,-2.450677,0.125852,-0.417333,0.075956,-0.273416,-0.411882
4911,1,11/17/15,18:52:56,-2.281397,-0.030778,-0.485839,0.037309,-0.294073,-0.364631
4912,1,11/17/15,18:52:56,-2.177785,-0.12556,-0.443374,-0.003634,-0.308419,-0.352639
4913,1,11/17/15,18:52:56,-2.037005,-0.132274,-0.382691,-0.032444,-0.301352,-0.327712
4914,1,11/17/15,18:52:56,-1.956803,-0.213626,-0.361954,-0.047331,-0.282707,-0.319988
4915,1,11/17/15,18:52:56,-1.900374,-0.36524,-0.363027,-0.039256,-0.250756,-0.302324
4916,1,11/17/15,18:52:56,-1.899946,-0.292937,-0.533998,-0.027619,-0.216774,-0.304179
4917,1,11/17/15,18:52:56,-1.948802,-0.344155,-0.663891,-0.009692,-0.18576,-0.305152
4918,1,11/17/15,18:52:56,-1.980893,-0.28429,-0.67947,0.026395,-0.164694,-0.3017
4919,1,11/17/15,18:52:56,-2.132848,-0.315123,-0.616023,0.050732,-0.136516,-0.329763
4920,1,11/17/15,18:52:56,-2.163449,-0.445051,-0.680412,0.076434,-0.110974,-0.341013
4921,1,11/17/15,18:52:56,-2.17365,-0.429425,-0.73406,0.101955,-0.083133,-0.33873
4922,1,11/17/15,18:52:56,-2.220413,-0.342608,-0.762459,0.114627,-0.05718,-0.335594
4923,1,11/17/15,18:52:56,-2.263291,-0.328757,-0.744883,0.115602,-0.036381,-0.317548
4924,1,11/17/15,18:52:56,-2.28485,-0.3142,-0.7305,0.112371,-0.017566,-0.297029
4925,1,11/17/15,18:52:56,-2.218644,-0.309777,-0.686869,0.102154,-0.005959,-0.294901
4926,1,11/17/15,18:52:56,-2.271638,-0.458804,-0.568083,0.093279,0.016037,-0.291597
4927,1,11/17/15,18:52:56,-2.292139,-0.509564,-0.542181,0.100722,0.032116,-0.260773
4928,1,11/17/15,18:52:56,-2.49529,-0.351942,-0.528023,0.099519,0.049205,-0.280427
4929,1,11/17/15,18:52:56,-2.479901,-0.394616,-0.580584,0.105879,0.067043,-0.246943
4930,1,11/17/15,18:52:56,-2.492237,-0.480508,-0.576874,0.113149,0.089981,-0.225373
4931,1,11/17/15,18:52:56,-2.512566,-0.549469,-0.5874,0.11265,0.108062,-0.216432
4932,1,11/17/15,18:52:56,-2.461307,-0.479233,-0.516448,0.101377,0.116951,-0.223056
4933,1,11/17/15,18:52:56,-2.480409,-0.650167,-0.400977,0.089966,0.119919,-0.209431
4934,1,11/17/15,18:52:56,-2.411762,-0.582048,-0.317019,0.082466,0.107383,-0.202149
4935,1,11/17/15,18:52:56,-2.393097,-0.579941,-0.175158,0.068476,0.101142,-0.200958
4936,1,11/17/15,18:52:56,-2.385049,-0.540969,-0.101714,0.060469,0.096658,-0.175846
4937,1,11/17/15,18:52:56,-2.367569,-0.556197,-0.104579,0.051366,0.090952,-0.160512
4938,1,11/17/15,18:52:56,-2.453937,-0.488462,-0.07422,0.043322,0.088778,-0.158083
4939,1,11/17/15,18:52:56,-2.500186,-0.430202,-0.105281,0.040531,0.0856,-0.15119
4940,1,11/17/15,18:52:56,-2.459605,-0.474706,-0.180139,0.039824,0.07918,-0.116658
4941,1,11/17/15,18:52:56,-2.481337,-0.446584,-0.112279,0.041215,0.072304,-0.111109
4942,1,11/17/15,18:52:56,-2.515868,-0.419622,-0.098156,0.044205,0.061696,-0.115665
4943,1,11/17/15,18:52:56,-2.523505,-0.421438,-0.061501,0.04577,0.056166,-0.102036
4944,1,11/17/15,18:52:56,-2.549374,-0.428792,-0.107059,0.039704,0.054449,-0.099677
4945,1,11/17/15,18:52:56,-2.535784,-0.431299,-0.152503,0.027076,0.058906,-0.085779
4946,1,11/17/15,18:52:56,-2.543897,-0.385419,-0.231375,0.013454,0.069745,-0.06857
4947,1,11/17/15,18:52:56,-2.537909,-0.3709,-0.323817,-0.007342,0.079642,-0.05348
4948,1,11/17/15,18:52:56,-2.555504,-0.358836,-0.376265,-0.030018,0.090825,-0.051632
4949,1,11/17/15,18:52:56,-2.542273,-0.415865,-0.383153,-0.049757,0.106511,-0.03702
4950,1,11/17/15,18:52:56,-2.575875,-0.437611,-0.414487,-0.066325,0.12618,-0.030967
4951,1,11/17/15,18:52:56,-2.544913,-0.53299,-0.443138,-0.082994,0.150967,-0.033557
4952,1,11/17/15,18:52:56,-2.502676,-0.649433,-0.43565,-0.098622,0.178722,-0.033153
4953,1,11/17/15,18:52:56,-2.56144,-0.755528,-0.413474,-0.123457,0.198579,-0.078127
4954,1,11/17/15,18:52:56,-2.576759,-0.698327,-0.346171,-0.147214,0.208296,-0.111443
4955,1,11/17/15,18:52:56,-2.635566,-0.990067,-0.238324,-0.17573,0.249888,-0.118004
4956,1,11/17/15,18:52:56,-2.620307,-1.092631,-0.196223,-0.196813,0.262562,-0.122269
4957,1,11/17/15,18:52:56,-2.655386,-1.237136,-0.142775,-0.224871,0.27855,-0.143922
4958,1,11/17/15,18:52:56,-2.660372,-1.291962,-0.052704,-0.24942,0.293055,-0.170035
4959,1,11/17/15,18:52:56,-2.71977,-1.325615,-0.002792,-0.273626,0.30956,-0.195415
4960,1,11/17/15,18:52:56,-2.757398,-1.365145,0.057721,-0.296574,0.320034,-0.211093
4961,1,11/17/15,18:52:56,-2.807882,-1.415328,0.107444,-0.323816,0.334697,-0.225173
4962,1,11/17/15,18:52:56,-2.859117,-1.463858,0.084852,-0.346895,0.359031,-0.224578
4963,1,11/17/15,18:52:56,-2.941012,-1.415638,-0.014609,-0.368966,0.382647,-0.230637
4964,1,11/17/15,18:52:56,-3.05904,-1.300197,-0.16824,-0.387143,0.414584,-0.213672
4965,1,11/17/15,18:52:56,-3.227109,-1.069627,-0.334769,-0.39642,0.446798,-0.192502
4966,1,11/17/15,18:52:56,-3.305984,-0.807081,-0.466097,-0.388744,0.474923,-0.108344
4967,1,11/17/15,18:52:56,-3.351253,-0.475101,-0.514059,-0.367442,0.51215,-0.00717
4968,1,11/17/15,18:52:56,-3.475266,-0.22102,-0.558445,-0.347766,0.563131,0.087947
4969,1,11/17/15,18:52:56,-3.55049,-0.094737,-0.56556,-0.323917,0.612067,0.179317
4970,1,11/17/15,18:52:56,-3.555761,-0.007586,-0.619336,-0.301662,0.659768,0.236847
4971,1,11/17/15,18:52:56,-3.711022,0.126067,-0.602761,-0.287449,0.717176,0.252211
4972,1,11/17/15,18:52:56,-3.845168,0.306358,-0.671831,-0.280898,0.768918,0.26044
4973,1,11/17/15,18:52:56,-4.01634,0.282302,-0.553287,-0.291186,0.828633,0.244202
4974,1,11/17/15,18:52:56,-4.115291,0.27229,-0.595173,-0.282693,0.889,0.270613
4975,1,11/17/15,18:52:56,-4.224892,0.300134,-0.600484,-0.275414,0.933908,0.256591
4976,1,11/17/15,18:52:56,-4.390844,0.376026,-0.581852,-0.261298,0.97289,0.242275
4977,1,11/17/15,18:52:56,-4.592686,0.413154,-0.473522,-0.236815,1.009848,0.225319
4978,1,11/17/15,18:52:56,-4.646742,0.406256,-0.450717,-0.197286,1.04397,0.233913
4979,1,11/17/15,18:52:56,-4.632206,0.378788,-0.354639,-0.156635,1.063948,0.227084
4980,1,11/17/15,18:52:56,-3.456824,1.22057,-0.474619,-0.118357,1.039496,0.207896
4981,1,11/17/15,18:52:56,1.547021,5.957295,-0.698197,0.037846,0.791134,0.207279
4982,1,11/17/15,18:52:56,2.566072,9.993888,5.001514,0.444571,0.433837,0.090461
4983,1,11/17/15,18:52:56,-2.638727,5.115383,9.667795,0.93361,0.404973,-0.386777
4984,1,11/17/15,18:52:56,-1.98994,1.601215,4.778381,1.352132,0.201035,0.133067
4985,1,11/17/15,18:52:57,0.672373,4.440691,2.72869,1.457289,-0.22718,0.241361
4986,1,11/17/15,18:52:57,-0.125914,5.58761,1.881892,1.311996,-0.540826,0.10609
4987,1,11/17/15,18:52:57,-0.36372,2.783289,0.621022,1.036021,-0.746874,0.58428
4988,1,11/17/15,18:52:57,-0.400986,1.404599,-0.123113,0.812046,-0.881808,0.632755
4989,1,11/17/15,18:52:57,-0.642086,1.726285,-1.071661,0.640854,-0.908631,0.41847
4990,1,11/17/15,18:52:57,-0.340286,0.659591,-1.979213,0.446796,-0.841438,0.297306
4991,1,11/17/15,18:52:57,0.50954,-1.106037,-3.437041,0.224781,-0.728801,0.31287
4992,1,11/17/15,18:52:57,0.691358,-2.150978,-4.170207,0.03161,-0.575618,0.236941
4993,1,11/17/15,18:52:57,1.228554,-2.312735,-3.155483,-0.104122,-0.435016,0.164571
4994,1,11/17/15,18:52:57,1.159092,-2.153073,-1.327915,-0.139739,-0.289257,0.126086
4995,1,11/17/15,18:52:57,1.268067,-1.43238,0.271315,-0.066671,-0.199539,0.064626
4996,1,11/17/15,18:52:57,0.752131,-0.567471,1.036981,0.091266,-0.147375,-0.004599
4997,1,11/17/15,18:52:57,0.433616,0.165397,1.192744,0.277142,-0.125701,-0.022497
4998,1,11/17/15,18:52:57,0.246067,0.313711,0.794587,0.411461,-0.168408,0.072979
4999,1,11/17/15,18:52:57,0.607666,-0.068388,0.335754,0.457598,-0.287665,0.190551
5000,1,11/17/15,18:52:57,1.248823,-0.97223,0.133263,0.427021,-0.407864,0.247677
5001,1,11/17/15,18:52:57,1.122926,-1.460658,0.42884,0.341415,-0.457782,0.24395
5002,1,11/17/15,18:52:57,1.094921,-1.555231,0.993423,0.158733,-0.537584,0.127965
5003,1,11/17/15,18:52:57,0.782381,-1.271992,0.865481,-0.051141,-0.567521,0.072422
5004,1,11/17/15,18:52:57,0.437623,-0.782845,0.148241,-0.261599,-0.579619,-0.000752
5005,1,11/17/15,18:52:57,0.146782,-0.279223,-0.368274,-0.457726,-0.554862,-0.08447
5006,1,11/17/15,18:52:57,-0.295541,0.332604,-0.818256,-0.596753,-0.490791,-0.157168
5007,1,11/17/15,18:52:57,-0.396321,0.395351,-1.164016,-0.65597,-0.390497,-0.18635
5008,1,11/17/15,18:52:57,-0.606275,0.467168,-1.426938,-0.648195,-0.273251,-0.218359
5009,1,11/17/15,18:52:57,-0.559311,0.245788,-1.496918,-0.609163,-0.161086,-0.25779
5010,1,11/17/15,18:52:57,-0.395519,-0.257473,-1.356575,-0.550849,-0.052854,-0.234431
5011,1,11/17/15,18:52:57,-0.115349,-0.924105,-0.902228,-0.48204,0.034216,-0.216165
5012,1,11/17/15,18:52:57,-0.169826,-0.990294,-0.214619,-0.423265,0.095179,-0.210025
5013,1,11/17/15,18:52:57,-0.241738,-0.615894,0.522661,-0.395829,0.104066,-0.229943
5014,1,11/17/15,18:52:57,-0.024467,-0.994331,1.18149,-0.382747,0.101846,-0.107676
5015,1,11/17/15,18:52:57,-0.068068,-1.302454,1.758338,-0.393376,0.072487,-0.070879
5016,1,11/17/15,18:52:57,-0.135168,-1.189895,2.209827,-0.423778,0.019332,-0.096438
5017,1,11/17/15,18:52:57,-0.343076,-1.025481,2.117766,-0.443428,-0.033314,-0.090602
5018,1,11/17/15,18:52:57,-0.69686,-0.641188,1.80035,-0.461402,-0.090533,-0.101061
5019,1,11/17/15,18:52:57,-0.798495,-0.620538,1.379231,-0.4817,-0.136258,-0.087012
5020,1,11/17/15,18:52:57,-0.826017,-0.806529,0.728777,-0.490603,-0.175163,-0.031551
5021,1,11/17/15,18:52:57,-0.952014,-1.049662,0.299747,-0.47925,-0.19495,-0.035103
5022,1,11/17/15,18:52:57,-1.099477,-1.197461,-0.001807,-0.436738,-0.200602,-0.026317
5023,1,11/17/15,18:52:57,-0.975932,-1.518669,-0.093283,-0.363537,-0.189159,0.014027
5024,1,11/17/15,18:52:57,-1.120176,-1.612881,-0.112482,-0.277727,-0.173861,0.0398
5025,1,11/17/15,18:52:57,-1.267182,-1.572151,-0.071211,-0.206856,-0.15905,0.023001
5026,1,11/17/15,18:52:57,-1.463318,-1.188053,0.109275,-0.150038,-0.15084,-0.005594
5027,1,11/17/15,18:52:57,-1.605448,-0.957201,0.303472,-0.10251,-0.141274,0.013012
5028,1,11/17/15,18:52:57,-1.775801,-0.866836,0.434398,-0.063056,-0.132951,0.062664
5029,1,11/17/15,18:52:57,-1.844591,-0.873144,0.552222,-0.03081,-0.123431,0.120392
5030,1,11/17/15,18:52:57,-1.892645,-0.898453,0.597656,-0.005298,-0.120607,0.134968
5031,1,11/17/15,18:52:57,-1.952547,-1.041419,0.640656,0.01552,-0.106445,0.138901
5032,1,11/17/15,18:52:57,-2.011524,-1.311409,0.69901,0.045554,-0.097852,0.130415
5033,1,11/17/15,18:52:57,-2.148511,-1.432864,0.632433,0.078145,-0.090653,0.078476
5034,1,11/17/15,18:52:57,-2.063045,-1.79217,0.654336,0.111824,-0.102444,0.017377
5035,1,11/17/15,18:52:57,-2.056493,-2.075855,0.856093,0.144745,-0.114453,-0.077932
5036,1,11/17/15,18:52:57,-2.057514,-2.313527,1.083978,0.174004,-0.131842,-0.209933
5037,1,11/17/15,18:52:57,-1.916626,-2.443322,1.364745,0.192239,-0.144411,-0.335483
5038,1,11/17/15,18:52:57,-1.843457,-2.439559,1.531124,0.191463,-0.157288,-0.445511
5039,1,11/17/15,18:52:57,-1.727133,-2.174515,1.53105,0.179465,-0.172664,-0.538009
5040,1,11/17/15,18:52:57,-1.614347,-1.604646,1.387742,0.140056,-0.183131,-0.606442
5041,1,11/17/15,18:52:57,-1.65761,-0.882855,0.975069,0.091934,-0.17755,-0.576369
5042,1,11/17/15,18:52:57,-1.595463,-0.123736,0.537369,0.035429,-0.147112,-0.48567
5043,1,11/17/15,18:52:57,-1.619172,0.420136,0.310752,-0.044236,-0.085014,-0.358638
5044,1,11/17/15,18:52:57,-2.118663,0.823433,0.232365,-0.150206,-0.015664,-0.264924
5045,1,11/17/15,18:52:57,-2.454279,1.093821,0.137541,-0.254272,-0.011275,-0.189981
5046,1,11/17/15,18:52:57,-2.9837,1.592487,0.061141,-0.353692,-0.032676,-0.153227
5047,1,11/17/15,18:52:57,-1.722126,3.220154,-0.428283,-0.438867,-0.056346,-0.1275
5048,1,11/17/15,18:52:57,2.036583,7.479191,-1.748045,-0.549497,0.075074,-0.096468
5049,1,11/17/15,18:52:57,-1.390521,9.342936,-6.883428,-0.80324,0.283664,-0.123166
5050,1,11/17/15,18:52:57,2.247209,7.238645,-6.245611,-1.233721,0.567165,0.109706
5051,1,11/17/15,18:52:57,2.731058,5.334593,-7.253919,-1.517406,0.890463,0.437306
5052,1,11/17/15,18:52:57,2.120793,5.298864,-4.896073,-1.779676,1.045653,0.005812
5053,1,11/17/15,18:52:57,1.352777,5.239213,-2.34978,-1.77162,1.136666,0.024653
5054,1,11/17/15,18:52:57,0.787183,4.34325,0.53976,-1.536986,1.090914,0.069656
5055,1,11/17/15,18:52:57,1.753929,4.099706,3.98144,-1.155933,0.866441,0.023407
5056,1,11/17/15,18:52:57,2.591155,3.513034,6.397586,-0.731742,0.534708,-0.085109
5057,1,11/17/15,18:52:57,3.360034,3.657112,8.476128,-0.357507,0.128383,-0.316348
5058,1,11/17/15,18:52:57,4.197421,2.502829,8.077025,-0.055453,-0.146607,-0.240078
5059,1,11/17/15,18:52:57,4.925264,-0.012096,6.198832,0.153208,-0.318687,0.021476
5060,1,11/17/15,18:52:57,5.344541,-1.853824,4.274678,0.275415,-0.463396,0.159498
5061,1,11/17/15,18:52:57,5.029926,-2.997589,2.283299,0.290357,-0.596265,0.103278
5062,1,11/17/15,18:52:57,4.047142,-3.400569,-0.231896,0.24175,-0.663187,0.042442
5063,1,11/17/15,18:52:57,3.086924,-3.138161,-2.403468,0.159359,-0.684175,-0.047503
5064,1,11/17/15,18:52:57,1.92764,-2.921134,-3.616441,0.075554,-0.663773,-0.086859
5065,1,11/17/15,18:52:57,1.095997,-2.637411,-3.782377,0.03129,-0.622761,-0.057212
5066,1,11/17/15,18:52:57,0.488506,-2.161367,-3.395747,0.04249,-0.556617,-0.032648
5067,1,11/17/15,18:52:57,0.081286,-1.660041,-2.537559,0.073185,-0.536488,0.007097
5068,1,11/17/15,18:52:57,-0.15579,-0.99759,-1.455758,0.091357,-0.523421,0.068763
5069,1,11/17/15,18:52:57,-0.055331,-0.430718,-0.545143,0.092778,-0.525114,0.041244
5070,1,11/17/15,18:52:57,0.065541,0.281406,-0.20167,0.062547,-0.531533,-0.038199
5071,1,11/17/15,18:52:57,-0.10803,0.358049,-0.376063,0.053969,-0.526073,-0.028825
5072,1,11/17/15,18:52:57,-0.060625,-0.146501,-0.727588,0.099343,-0.493636,0.042904
5073,1,11/17/15,18:52:57,-0.449895,-0.073939,-1.154095,0.159443,-0.427672,-0.06898
5074,1,11/17/15,18:52:57,-0.204633,-0.465914,-1.567345,0.236818,-0.339788,-0.099731
5075,1,11/17/15,18:52:57,-0.089639,-0.900963,-1.733101,0.30807,-0.225152,-0.054978
5076,1,11/17/15,18:52:57,-0.013239,-1.090488,-1.772739,0.32945,-0.132859,-0.120537
5077,1,11/17/15,18:52:57,-0.031024,-1.057521,-1.641105,0.319608,-0.061959,-0.161346
5078,1,11/17/15,18:52:57,-0.00909,-0.678562,-1.417623,0.299847,-0.004538,-0.175838
5079,1,11/17/15,18:52:57,0.006095,-0.600693,-1.252296,0.289751,0.056024,-0.109986
5080,1,11/17/15,18:52:57,-0.178837,-0.497,-1.174016,0.279857,0.077342,-0.067448
5081,1,11/17/15,18:52:57,-0.217441,-0.206307,-0.949347,0.267394,0.078834,-0.082503
5082,1,11/17/15,18:52:57,-0.181662,-0.234427,-0.752871,0.279455,0.095104,-0.025949
5083,1,11/17/15,18:52:57,-0.299599,-0.540868,-0.686355,0.297059,0.104598,-0.057666
5084,1,11/17/15,18:52:57,-0.320242,-0.666299,-0.530529,0.303974,0.09292,-0.110519
5085,1,11/17/15,18:52:57,-0.339154,-0.850875,-0.311579,0.29495,0.070551,-0.138438
5086,1,11/17/15,18:52:57,-0.393948,-1.073531,-0.183821,0.256199,0.058959,-0.183686
5087,1,11/17/15,18:52:57,-0.522023,-1.27838,-0.164402,0.192934,0.040333,-0.222614
5088,1,11/17/15,18:52:57,-0.544154,-1.43644,-0.302321,0.117136,0.019566,-0.234516
5089,1,11/17/15,18:52:57,-0.578231,-1.426337,-0.362991,0.033324,0.0014,-0.256472
5090,1,11/17/15,18:52:58,-0.959134,-0.940218,-0.481868,-0.022771,0.009756,-0.348666
5091,1,11/17/15,18:52:58,-1.039256,-0.870362,-0.650028,-0.045287,0.053386,-0.308784
5092,1,11/17/15,18:52:58,-1.115919,-0.899862,-0.866473,-0.05435,0.098649,-0.263621
5093,1,11/17/15,18:52:58,-1.204614,-0.98606,-0.899487,-0.078485,0.127177,-0.266304
5094,1,11/17/15,18:52:58,-1.446738,-0.662403,-0.677391,-0.094725,0.169755,-0.278456
5095,1,11/17/15,18:52:58,-1.494515,-0.69083,-0.550512,-0.101346,0.212641,-0.2763
5096,1,11/17/15,18:52:58,-1.565296,-0.886387,-0.471416,-0.097994,0.249154,-0.233476
5097,1,11/17/15,18:52:58,-1.704505,-0.787981,-0.434819,-0.11262,0.275106,-0.225927
5098,1,11/17/15,18:52:58,-1.775374,-0.946395,-0.468885,-0.133054,0.304007,-0.176793
5099,1,11/17/15,18:52:58,-1.95581,-1.18841,-0.533846,-0.163342,0.325987,-0.120258
5100,1,11/17/15,18:52:58,-2.149468,-1.120316,-0.514687,-0.204272,0.343654,-0.125878
5101,1,11/17/15,18:52:58,-2.318063,-1.247281,-0.49117,-0.249636,0.358331,-0.111707
5102,1,11/17/15,18:52:58,-2.483896,-1.281389,-0.438917,-0.305109,0.369401,-0.139897
5103,1,11/17/15,18:52:58,-2.692296,-1.361907,-0.487838,-0.356711,0.403409,-0.175824
5104,1,11/17/15,18:52:58,-2.757788,-1.491229,-0.638736,-0.39556,0.4483,-0.217175
5105,1,11/17/15,18:52:58,-2.783413,-1.622238,-0.77605,-0.418914,0.502766,-0.280928
5106,1,11/17/15,18:52:58,-2.677098,-1.706615,-1.041898,-0.438274,0.572745,-0.321579
5107,1,11/17/15,18:52:58,-2.724921,-1.441049,-1.347587,-0.434359,0.65061,-0.354554
5108,1,11/17/15,18:52:58,-2.300353,-0.994374,-1.600843,-0.411155,0.700013,-0.327814
5109,1,11/17/15,18:52:58,-1.671462,-0.166994,-1.81072,-0.380299,0.712512,-0.288244
5110,1,11/17/15,18:52:58,-0.920025,0.730356,-1.843812,-0.320372,0.691222,-0.187657
5111,1,11/17/15,18:52:58,-0.465882,1.205066,-1.470643,-0.235042,0.631974,0.014379
5112,1,11/17/15,18:52:58,-0.355662,1.430972,-0.645244,-0.140739,0.524761,0.234684
5113,1,11/17/15,18:52:58,-1.211227,1.079166,0.542913,-0.059836,0.412845,0.300137
5114,1,11/17/15,18:52:58,-2.666647,1.435262,1.236568,0.021805,0.341889,0.099405
5115,1,11/17/15,18:52:58,-2.723234,1.885718,1.23641,0.107949,0.346826,-0.030927
5116,1,11/17/15,18:52:58,-0.102387,3.914725,-0.075386,0.202676,0.330726,0.020929
5117,1,11/17/15,18:52:58,1.065566,5.874106,0.871236,0.39331,0.132805,0.142155
5118,1,11/17/15,18:52:58,-1.13338,5.573606,5.942572,0.69045,0.069644,0.272303
5119,1,11/17/15,18:52:58,1.437397,6.042076,4.373924,1.128441,-0.059042,0.094874
5120,1,11/17/15,18:52:58,-0.868051,5.946601,3.564062,1.563384,-0.350924,-0.031578
5121,1,11/17/15,18:52:58,2.410003,4.994009,1.86123,1.791722,-0.584819,0.272753
5122,1,11/17/15,18:52:58,1.381095,5.095168,-0.059792,1.722514,-0.825844,0.231241
5123,1,11/17/15,18:52:58,1.255183,3.759584,0.344429,1.484612,-0.866383,0.284624
5124,1,11/17/15,18:52:58,0.831771,2.835698,0.044203,1.192742,-0.856939,0.158912
5125,1,11/17/15,18:52:58,1.475529,2.234113,-0.614859,0.896166,-0.763692,0.001493
5126,1,11/17/15,18:52:58,1.982926,1.142728,-2.367803,0.62213,-0.567057,-0.01017
5127,1,11/17/15,18:52:58,2.464931,0.109599,-4.375386,0.350619,-0.37079,-0.065489
5128,1,11/17/15,18:52:58,2.790279,-1.032072,-4.576644,0.117702,-0.22992,-0.099439
5129,1,11/17/15,18:52:58,2.66887,-2.351883,-3.530854,-0.037443,-0.05545,-0.066275
5130,1,11/17/15,18:52:58,2.684961,-3.042134,-2.13507,-0.117628,0.122475,-0.055783
5131,1,11/17/15,18:52:58,2.641778,-3.047579,-0.757659,-0.077247,0.24362,-0.074068
5132,1,11/17/15,18:52:58,2.334638,-2.77962,0.486358,0.065775,0.296698,-0.038144
5133,1,11/17/15,18:52:58,2.171336,-2.285176,1.273634,0.260677,0.285225,0.051391
5134,1,11/17/15,18:52:58,2.150731,-1.678075,1.679136,0.485709,0.226901,0.181351
5135,1,11/17/15,18:52:58,2.209002,-1.15967,2.038925,0.666484,0.123208,0.31364
5136,1,11/17/15,18:52:58,2.184918,-1.381182,2.511572,0.768054,0.001018,0.384204
5137,1,11/17/15,18:52:58,1.928375,-1.427587,3.148467,0.779132,-0.131409,0.319458
5138,1,11/17/15,18:52:58,1.610305,-0.880173,3.124571,0.699301,-0.256684,0.243562
5139,1,11/17/15,18:52:58,1.196592,-0.424778,2.932965,0.556218,-0.384979,0.225602
5140,1,11/17/15,18:52:58,0.661471,0.255578,2.511659,0.353414,-0.494995,0.208084
5141,1,11/17/15,18:52:58,0.305638,0.465812,1.956073,0.110409,-0.600926,0.154515
5142,1,11/17/15,18:52:58,0.129957,0.268922,1.261723,-0.129407,-0.707527,0.076144
5143,1,11/17/15,18:52:58,0.034095,0.155079,0.305295,-0.28696,-0.730239,0.055088
5144,1,11/17/15,18:52:58,-0.118483,0.260001,-0.328583,-0.403311,-0.7453,-0.041147
5145,1,11/17/15,18:52:58,-0.037805,0.087279,-0.499301,-0.467436,-0.734024,-0.086356
5146,1,11/17/15,18:52:58,0.124371,-0.042536,-0.590443,-0.475994,-0.698088,-0.088606
5147,1,11/17/15,18:52:58,0.325367,-0.206099,-0.467127,-0.445492,-0.642499,-0.037233
5148,1,11/17/15,18:52:58,0.463513,-0.280795,-0.217192,-0.392631,-0.572407,0.031333
5149,1,11/17/15,18:52:58,0.523311,-0.289433,0.250669,-0.337654,-0.511717,0.088915
5150,1,11/17/15,18:52:58,0.441129,-0.048687,0.705458,-0.286056,-0.454985,0.135597
5151,1,11/17/15,18:52:58,0.393728,0.051835,1.063222,-0.247118,-0.404745,0.187066
5152,1,11/17/15,18:52:58,0.288805,-0.020079,1.170959,-0.23267,-0.363755,0.215672
5153,1,11/17/15,18:52:58,0.055049,-0.038191,1.143678,-0.233497,-0.325134,0.238206
5154,1,11/17/15,18:52:58,0.027219,-0.54416,0.928732,-0.241897,-0.314039,0.225991
5155,1,11/17/15,18:52:58,-0.237514,-0.768963,0.848478,-0.245402,-0.317052,0.21492
5156,1,11/17/15,18:52:58,-0.284954,-1.180266,0.675824,-0.234714,-0.328149,0.214181
5157,1,11/17/15,18:52:58,-0.480545,-1.389887,0.479146,-0.197056,-0.332737,0.232764
5158,1,11/17/15,18:52:58,-0.698024,-1.592019,0.489141,-0.163831,-0.353048,0.213285
5159,1,11/17/15,18:52:58,-0.79209,-1.723426,0.480692,-0.123582,-0.368131,0.203387
5160,1,11/17/15,18:52:58,-0.9934,-1.779329,0.448571,-0.066862,-0.371363,0.226405
5161,1,11/17/15,18:52:58,-1.265243,-1.599373,0.393846,-0.012483,-0.378129,0.202838
5162,1,11/17/15,18:52:58,-1.500874,-1.381057,0.261311,0.026775,-0.38773,0.205854
5163,1,11/17/15,18:52:58,-1.718968,-1.199688,0.213048,0.0543,-0.395173,0.218947
5164,1,11/17/15,18:52:58,-1.883215,-0.983554,0.175814,0.079087,-0.405941,0.236171
5165,1,11/17/15,18:52:58,-1.972431,-0.913034,0.061153,0.105879,-0.411147,0.259582
5166,1,11/17/15,18:52:58,-2.240295,-0.794903,-0.034297,0.15011,-0.399889,0.313007
5167,1,11/17/15,18:52:58,-2.402039,-0.713748,-0.132923,0.194425,-0.390929,0.351609
5168,1,11/17/15,18:52:58,-2.424685,-0.950041,-0.177095,0.233936,-0.376776,0.40802
5169,1,11/17/15,18:52:58,-2.374654,-1.412393,-0.17215,0.26683,-0.361191,0.426251
5170,1,11/17/15,18:52:58,-2.389003,-1.72393,-0.29046,0.280929,-0.355203,0.318118
5171,1,11/17/15,18:52:58,-2.173252,-2.132833,-0.106842,0.289178,-0.34303,0.206061
5172,1,11/17/15,18:52:58,-1.993758,-2.398435,0.255743,0.301148,-0.314374,0.052246
5173,1,11/17/15,18:52:58,-1.591461,-2.305832,0.85728,0.302763,-0.275447,-0.124833
5174,1,11/17/15,18:52:58,-1.242986,-2.08591,1.331636,0.2821,-0.221448,-0.284663
5175,1,11/17/15,18:52:58,-0.798724,-1.286259,1.528694,0.240059,-0.150977,-0.394632
5176,1,11/17/15,18:52:58,-0.398064,-0.20667,1.12151,0.185623,-0.064638,-0.405379
5177,1,11/17/15,18:52:58,-0.73031,0.150745,0.408845,0.128556,0.026945,-0.28265
5178,1,11/17/15,18:52:58,-0.868575,0.647948,-0.16363,0.061105,0.102065,-0.228715
5179,1,11/17/15,18:52:58,-1.268692,1.150757,-0.719751,-0.043658,0.172773,-0.202805
5180,1,11/17/15,18:52:58,-2.369666,0.949599,-0.949316,-0.165007,0.224222,-0.185299
5181,1,11/17/15,18:52:58,-3.206714,0.840451,-0.725237,-0.276693,0.227011,-0.177302
5182,1,11/17/15,18:52:58,-3.285381,1.202144,-0.006179,-0.377408,0.172393,-0.177617
5183,1,11/17/15,18:52:58,-1.405044,2.515271,0.660591,-0.468157,0.133968,-0.127553
5184,1,11/17/15,18:52:58,-0.126046,5.355269,0.733804,-0.604781,0.266774,-0.132524
5185,1,11/17/15,18:52:58,-1.982714,5.780808,-1.150908,-0.854975,0.399298,-0.136845
5186,1,11/17/15,18:52:58,0.751187,4.231469,-0.895098,-1.136073,0.48369,0.111334
5187,1,11/17/15,18:52:58,0.753482,3.041887,-0.848771,-1.304967,0.633529,0.100568
5188,1,11/17/15,18:52:58,2.954553,4.971782,-0.64894,-1.410161,0.698312,-0.325725
5189,1,11/17/15,18:52:58,2.543641,5.67028,-0.36129,-1.460582,0.874072,-0.509997
5190,1,11/17/15,18:52:58,1.203186,5.245738,-0.970511,-1.41161,1.013359,-0.413247
5191,1,11/17/15,18:52:58,0.982284,3.478722,-2.173431,-1.37106,0.955083,-0.200009
5192,1,11/17/15,18:52:58,2.049699,1.439503,-0.338184,-1.3359,0.745002,-0.060601
5193,1,11/17/15,18:52:59,3.606266,0.927704,3.596556,-1.239143,0.464585,-0.199159
5194,1,11/17/15,18:52:59,4.032583,-0.066085,6.128166,-1.031665,0.242216,-0.283436
5195,1,11/17/15,18:52:59,4.036947,-1.437294,6.324234,-0.700868,0.068109,-0.271499
5196,1,11/17/15,18:52:59,4.024705,-2.506277,5.361482,-0.38203,-0.161028,-0.317359
5197,1,11/17/15,18:52:59,3.543259,-3.079787,3.390416,-0.141369,-0.399754,-0.35833
5198,1,11/17/15,18:52:59,3.281963,-2.964111,1.549423,-0.018146,-0.568792,-0.313937
5199,1,11/17/15,18:52:59,2.994895,-2.170092,-0.143379,-0.028539,-0.642104,-0.27376
5200,1,11/17/15,18:52:59,2.219412,-1.212423,-1.897335,-0.118522,-0.617391,-0.148125
5201,1,11/17/15,18:52:59,2.407421,-0.940232,-2.956142,-0.234155,-0.504284,0.163544
5202,1,11/17/15,18:52:59,2.127237,-0.065872,-3.64893,-0.389181,-0.408492,0.143008
5203,1,11/17/15,18:52:59,1.848738,0.469965,-3.939727,-0.49248,-0.249504,0.0461
5204,1,11/17/15,18:52:59,1.528288,0.107839,-3.969309,-0.477926,-0.04422,0.116111
5205,1,11/17/15,18:52:59,1.182606,-0.084099,-3.829156,-0.357568,0.159226,0.165023
5206,1,11/17/15,18:52:59,0.888131,0.212052,-3.16658,-0.190943,0.317988,0.105978
5207,1,11/17/15,18:52:59,0.374377,0.751735,-2.367456,0.011654,0.424272,0.030863
5208,1,11/17/15,18:52:59,0.075164,1.264892,-1.484417,0.231558,0.509986,0.037362
5209,1,11/17/15,18:52:59,-0.030146,0.918685,-0.709528,0.443025,0.574682,0.064136
5210,1,11/17/15,18:52:59,-0.197824,0.816076,-0.153027,0.600633,0.609411,0.024007
5211,1,11/17/15,18:52:59,0.056914,0.033547,0.400547,0.664129,0.609176,0.036094
5212,1,11/17/15,18:52:59,0.120191,-0.373417,0.938444,0.658787,0.59042,-0.096776
5213,1,11/17/15,18:52:59,0.123178,-0.537205,1.232081,0.619427,0.52505,-0.181912
5214,1,11/17/15,18:52:59,0.435052,-1.052668,1.239498,0.562364,0.476409,-0.130196
5215,1,11/17/15,18:52:59,0.571739,-1.105924,0.832209,0.518825,0.439803,-0.10889
5216,1,11/17/15,18:52:59,0.272507,-0.975926,0.195073,0.496078,0.397656,-0.153161
5217,1,11/17/15,18:52:59,0.274975,-0.802209,-0.424452,0.471537,0.355923,-0.152127
5218,1,11/17/15,18:52:59,0.198025,-0.883913,-0.815717,0.452376,0.338529,-0.133597
5219,1,11/17/15,18:52:59,-0.21765,-0.525052,-1.079032,0.423079,0.291068,-0.208023
5220,1,11/17/15,18:52:59,-0.506968,-0.193073,-1.102733,0.409312,0.260611,-0.226833
5221,1,11/17/15,18:52:59,-0.54415,-0.557054,-0.801314,0.401308,0.25362,-0.116621
5222,1,11/17/15,18:52:59,-0.505442,-0.898046,-0.406867,0.356175,0.234985,-0.036798
5223,1,11/17/15,18:52:59,-0.777953,-0.619356,0.268726,0.280197,0.19836,-0.083659
5224,1,11/17/15,18:52:59,-0.820719,-0.853761,0.662867,0.200353,0.165974,-0.045981
5225,1,11/17/15,18:52:59,-0.660822,-1.182243,0.866702,0.122159,0.127239,0.073612
5226,1,11/17/15,18:52:59,-0.98053,-0.84721,0.938394,0.036978,0.080924,0.03813
5227,1,11/17/15,18:52:59,-1.016731,-0.830216,0.870792,-0.029447,0.063752,0.104116
5228,1,11/17/15,18:52:59,-1.214251,-0.742716,0.709593,-0.082477,0.05402,0.150749
5229,1,11/17/15,18:52:59,-1.220044,-0.676447,0.517872,-0.116946,0.05179,0.186345
5230,1,11/17/15,18:52:59,-1.287066,-0.764629,0.350293,-0.13273,0.063556,0.225629
5231,1,11/17/15,18:52:59,-1.481546,-0.623719,0.290969,-0.141143,0.060232,0.182777
5232,1,11/17/15,18:52:59,-1.630013,-0.489477,0.276154,-0.124213,0.072107,0.171181
5233,1,11/17/15,18:52:59,-1.812209,-0.390537,0.227362,-0.084072,0.090861,0.1748
5234,1,11/17/15,18:52:59,-1.884436,-0.449219,0.143468,-0.04511,0.104188,0.210911
5235,1,11/17/15,18:52:59,-2.052754,-0.429404,0.007853,-0.0216,0.122292,0.227541
5236,1,11/17/15,18:52:59,-2.077666,-0.565458,-0.207018,-0.000175,0.159409,0.295846
5237,1,11/17/15,18:52:59,-2.091724,-0.834037,-0.432263,0.002984,0.193657,0.329626
5238,1,11/17/15,18:52:59,-2.32686,-0.91767,-0.58685,-0.011128,0.232881,0.29755
5239,1,11/17/15,18:52:59,-2.377692,-0.861712,-0.782225,-0.034204,0.263711,0.27856
5240,1,11/17/15,18:52:59,-2.235111,-1.41856,-0.885262,-0.065441,0.309585,0.378582
5241,1,11/17/15,18:52:59,-2.129721,-2.221684,-0.998983,-0.10708,0.354253,0.354345
5242,1,11/17/15,18:52:59,-2.1395,-2.343338,-1.050673,-0.155925,0.370696,0.13238
5243,1,11/17/15,18:52:59,-2.266661,-2.184777,-1.177321,-0.18938,0.402142,-0.04268
5244,1,11/17/15,18:52:59,-2.173736,-2.059977,-1.347674,-0.200221,0.460264,-0.068909
5245,1,11/17/15,18:52:59,-1.964991,-1.666895,-1.434148,-0.204366,0.510457,-0.076044
5246,1,11/17/15,18:52:59,-1.959649,-1.0891,-1.48484,-0.215413,0.565559,-0.057025
5247,1,11/17/15,18:52:59,-1.665061,-0.686249,-1.352226,-0.219452,0.634912,0.049165
5248,1,11/17/15,18:52:59,-1.274675,-0.224997,-1.15532,-0.202919,0.677866,0.155508
5249,1,11/17/15,18:52:59,-1.01602,-0.162024,-0.984908,-0.174096,0.706345,0.263981
5250,1,11/17/15,18:52:59,-1.060794,-0.235315,-0.673101,-0.13516,0.739893,0.333211
5251,1,11/17/15,18:52:59,-1.478923,-0.626121,-0.243895,-0.087483,0.784903,0.32738
5252,1,11/17/15,18:52:59,-1.560636,-0.729389,-0.06764,-0.051455,0.861935,0.243929
5253,1,11/17/15,18:52:59,0.061321,0.478022,-0.615875,-0.01196,0.907599,0.190648
5254,1,11/17/15,18:52:59,4.417958,4.403305,-1.581278,0.13434,0.707617,0.257505
5255,1,11/17/15,18:52:59,3.121612,5.787282,2.522528,0.509882,0.383492,0.467139
5256,1,11/17/15,18:52:59,4.596449,5.808673,10.189894,1.052923,0.216811,0.063187
5257,1,11/17/15,18:52:59,0.745681,1.764748,9.563939,1.633627,-0.039579,-0.493456
5258,1,11/17/15,18:52:59,4.413708,2.209045,2.396396,1.908479,-0.346336,-0.07624
5259,1,11/17/15,18:52:59,3.873689,3.765283,-0.046752,1.973925,-0.500538,-0.098924
5260,1,11/17/15,18:52:59,3.98348,6.567793,-0.078665,1.882645,-0.579132,-0.333845
5261,1,11/17/15,18:52:59,4.291769,8.502953,0.504424,1.719284,-0.552735,-0.202421
5262,1,11/17/15,18:52:59,3.868108,7.687498,-0.924526,1.558425,-0.344592,0.018351
5263,1,11/17/15,18:52:59,4.330306,5.59911,-4.376217,1.391298,-0.03119,0.203118
5264,1,11/17/15,18:52:59,3.830292,4.44218,-7.253005,1.153502,0.339934,0.053616
5265,1,11/17/15,18:52:59,3.412157,3.151411,-8.167192,0.801912,0.675536,-0.178908
5266,1,11/17/15,18:52:59,3.468438,1.125307,-6.850199,0.384594,0.913409,-0.0561
5267,1,11/17/15,18:52:59,3.375168,0.029451,-4.369606,0.032584,1.041102,0.092775
5268,1,11/17/15,18:52:59,3.128675,-0.548766,-1.55795,-0.205675,1.095006,0.15689
5269,1,11/17/15,18:52:59,2.897733,-1.622086,0.951217,-0.301364,1.071427,0.342829
5270,1,11/17/15,18:52:59,2.931564,-3.136416,3.778216,-0.299809,0.984168,0.555301
5271,1,11/17/15,18:52:59,2.853769,-3.528633,5.403272,-0.257344,0.832405,0.534148
5272,1,11/17/15,18:52:59,1.72649,-3.034385,6.791714,-0.212094,0.637278,0.263735
5273,1,11/17/15,18:52:59,0.396965,-2.534571,7.442886,-0.169235,0.394797,0.201503
5274,1,11/17/15,18:52:59,0.319388,-2.484158,6.558688,-0.155037,0.173149,0.432017
5275,1,11/17/15,18:52:59,0.360887,-1.603427,4.789686,-0.197886,-0.045522,0.478866
5276,1,11/17/15,18:52:59,0.192301,-0.589744,3.115618,-0.285369,-0.215293,0.368596
5277,1,11/17/15,18:52:59,-0.026189,0.139668,1.652538,-0.373191,-0.311359,0.292491
5278,1,11/17/15,18:52:59,-0.276214,0.371544,0.733106,-0.451762,-0.384325,0.194949
5279,1,11/17/15,18:52:59,-0.05367,0.142286,-0.368651,-0.477313,-0.414162,0.167699
5280,1,11/17/15,18:52:59,0.02821,-0.513523,-1.005206,-0.468534,-0.408464,0.132032
5281,1,11/17/15,18:52:59,-0.223252,-0.869167,-1.399831,-0.445865,-0.413569,-0.001666
5282,1,11/17/15,18:52:59,0.159707,-1.055192,-1.761725,-0.388458,-0.426996,-0.041565
5283,1,11/17/15,18:52:59,0.208915,-1.173702,-1.48554,-0.285426,-0.401604,-0.03331
5284,1,11/17/15,18:52:59,0.37469,-1.150571,-1.177624,-0.164211,-0.365038,0.034213
5285,1,11/17/15,18:52:59,0.475394,-0.882041,-0.758222,-0.075703,-0.335406,0.075025
5286,1,11/17/15,18:52:59,0.49294,-0.722801,-0.332621,-0.00665,-0.297968,0.164319
5287,1,11/17/15,18:52:59,0.364921,-0.446256,0.034541,0.033353,-0.276599,0.161183
5288,1,11/17/15,18:52:59,0.249298,-0.153135,0.261159,0.053121,-0.262399,0.178373
5289,1,11/17/15,18:52:59,0.183642,-0.015558,0.424249,0.045726,-0.257163,0.191435
5290,1,11/17/15,18:52:59,0.02709,0.081007,0.45133,0.020698,-0.251422,0.185185
5291,1,11/17/15,18:52:59,-0.074141,0.117086,0.453989,-0.010045,-0.243678,0.158918
5292,1,11/17/15,18:52:59,-0.086621,0.025556,0.224595,-0.049579,-0.232332,0.133248
5293,1,11/17/15,18:52:59,-0.183517,0.158752,-0.037706,-0.091564,-0.20937,0.086589
5294,1,11/17/15,18:52:59,-0.390341,0.395241,-0.185662,-0.148549,-0.187839,0.023066
5295,1,11/17/15,18:52:59,-0.414171,0.40225,-0.296199,-0.205567,-0.160356,0.016017
5296,1,11/17/15,18:52:59,-0.424698,0.240149,-0.263597,-0.244048,-0.12238,0.031053
5297,1,11/17/15,18:52:59,-0.334888,0.110544,-0.068843,-0.270175,-0.083192,0.053535
5298,1,11/17/15,18:52:59,-0.238777,-0.033119,0.059085,-0.277447,-0.055124,0.092478
5299,1,11/17/15,18:53:00,-0.220845,-0.222344,0.24202,-0.279657,-0.041307,0.133015
5300,1,11/17/15,18:53:00,-0.098841,-0.341098,0.338193,-0.272378,-0.043042,0.164431
5301,1,11/17/15,18:53:00,-0.059741,-0.387538,0.395681,-0.264927,-0.059581,0.181184
5302,1,11/17/15,18:53:00,-0.091852,-0.475814,0.422775,-0.254404,-0.079912,0.193729
5303,1,11/17/15,18:53:00,-0.173915,-0.49454,0.435873,-0.245269,-0.102595,0.184098
5304,1,11/17/15,18:53:00,-0.221685,-0.503601,0.358906,-0.23263,-0.121602,0.184444
5305,1,11/17/15,18:53:00,-0.251214,-0.546182,0.311968,-0.215378,-0.131039,0.187596
5306,1,11/17/15,18:53:00,-0.313733,-0.604419,0.243753,-0.191722,-0.128977,0.182048
5307,1,11/17/15,18:53:00,-0.413408,-0.539408,0.157008,-0.16718,-0.117742,0.159253
5308,1,11/17/15,18:53:00,-0.492517,-0.36735,0.073032,-0.14204,-0.103555,0.142474
5309,1,11/17/15,18:53:00,-0.437157,-0.228058,-0.057771,-0.12087,-0.083666,0.143964
5310,1,11/17/15,18:53:00,-0.463127,-0.108794,-0.112821,-0.106236,-0.05633,0.141805
5311,1,11/17/15,18:53:00,-0.465516,0.067296,-0.085017,-0.108167,-0.040409,0.134506
5312,1,11/17/15,18:53:00,-0.417476,-0.132706,0.008357,-0.131121,-0.044524,0.137573
5313,1,11/17/15,18:53:00,-0.29265,-0.328918,0.090898,-0.126814,-0.035513,0.155397
5314,1,11/17/15,18:53:00,-0.246562,-0.193284,0.069494,-0.10728,-0.040137,0.149681
5315,1,11/17/15,18:53:00,-0.216134,-0.078006,0.249979,-0.09387,-0.059056,0.152256
5316,1,11/17/15,18:53:00,-0.203422,0.123573,0.477494,-0.091666,-0.094618,0.160872
5317,1,11/17/15,18:53:00,-0.165462,-0.088989,0.637893,-0.102723,-0.130034,0.206284
5318,1,11/17/15,18:53:00,-0.314959,0.06764,0.737214,-0.120933,-0.162611,0.166309
5319,1,11/17/15,18:53:00,-0.325229,0.156974,0.610188,-0.155535,-0.185335,0.15289
5320,1,11/17/15,18:53:00,-0.312682,0.131912,0.41538,-0.191431,-0.19346,0.133905
5321,1,11/17/15,18:53:00,-0.299707,0.124165,0.248678,-0.221044,-0.201234,0.097621
5322,1,11/17/15,18:53:00,-0.319668,0.098822,0.181818,-0.247422,-0.221725,0.062874
5323,1,11/17/15,18:53:00,-0.322708,0.036807,0.268126,-0.263812,-0.2352,0.049672
5324,1,11/17/15,18:53:00,-0.16529,0.010397,0.267738,-0.271361,-0.24423,0.033332
5325,1,11/17/15,18:53:00,-0.197555,0.040431,0.334756,-0.266777,-0.262113,0.003345
5326,1,11/17/15,18:53:00,-0.234429,0.048459,0.470359,-0.253539,-0.280578,-0.023659
5327,1,11/17/15,18:53:00,-0.243179,0.156375,0.587308,-0.228984,-0.303153,-0.056406
5328,1,11/17/15,18:53:00,-0.256735,0.212269,0.617448,-0.197352,-0.334036,-0.087845
5329,1,11/17/15,18:53:00,-0.326528,0.188389,0.677173,-0.16722,-0.365846,-0.097764
5330,1,11/17/15,18:53:00,-0.371318,0.159647,0.721097,-0.141737,-0.403486,-0.094551
5331,1,11/17/15,18:53:00,-0.402868,0.178579,0.672506,-0.124051,-0.443547,-0.087894
5332,1,11/17/15,18:53:00,-0.423531,0.17711,0.621903,-0.123501,-0.477576,-0.07803
5333,1,11/17/15,18:53:00,-0.44349,0.163579,0.584068,-0.130835,-0.509976,-0.07962
5334,1,11/17/15,18:53:00,-0.389177,0.048379,0.58231,-0.132712,-0.536385,-0.066795
5335,1,11/17/15,18:53:00,-0.387591,-0.050986,0.501519,-0.130462,-0.557826,-0.069098
5336,1,11/17/15,18:53:00,-0.356671,-0.225715,0.396591,-0.127093,-0.573728,-0.076126
5337,1,11/17/15,18:53:00,-0.460477,-0.376777,0.306963,-0.121074,-0.589226,-0.089427
5338,1,11/17/15,18:53:00,-0.535813,-0.441872,0.333873,-0.112087,-0.598196,-0.090902
5339,1,11/17/15,18:53:00,-0.643573,-0.393695,0.306492,-0.107891,-0.602528,-0.087342
5340,1,11/17/15,18:53:00,-0.659089,-0.262391,0.263552,-0.108514,-0.59688,-0.068829
5341,1,11/17/15,18:53:00,-0.690386,-0.135968,0.186052,-0.10512,-0.58822,-0.039926
5342,1,11/17/15,18:53:00,-0.829099,-0.112637,0.20819,-0.099477,-0.578367,-0.008526
5343,1,11/17/15,18:53:00,-0.942533,0.142335,0.245666,-0.094314,-0.570439,0.015513
5344,1,11/17/15,18:53:00,-1.152591,0.323459,0.195079,-0.08387,-0.560899,0.065992
5345,1,11/17/15,18:53:00,-1.185424,0.545674,0.17142,-0.072729,-0.554998,0.135927
5346,1,11/17/15,18:53:00,-1.491279,0.697615,0.225519,-0.084629,-0.546411,0.142256
5347,1,11/17/15,18:53:00,-1.604797,0.882873,0.161194,-0.102559,-0.521837,0.190131
5348,1,11/17/15,18:53:00,-1.677932,1.155328,-0.068984,-0.120721,-0.506723,0.24883
5349,1,11/17/15,18:53:00,-1.900396,1.336776,-0.134997,-0.15259,-0.488729,0.29337
5350,1,11/17/15,18:53:00,-2.037458,1.64467,-0.288697,-0.188487,-0.466951,0.354497
5351,1,11/17/15,18:53:00,-1.991289,1.979682,-0.422407,-0.220692,-0.451502,0.434928
5352,1,11/17/15,18:53:00,-1.997668,2.154949,-0.364387,-0.24598,-0.443817,0.53278
5353,1,11/17/15,18:53:00,-2.067454,2.386057,-0.225524,-0.263909,-0.451169,0.617353
5354,1,11/17/15,18:53:00,-2.02526,2.813614,-0.144047,-0.272234,-0.46386,0.687877
5355,1,11/17/15,18:53:00,-2.033505,3.1443,0.070318,-0.261166,-0.475419,0.754335
5356,1,11/17/15,18:53:00,-2.099473,3.206929,0.247066,-0.234616,-0.480742,0.797641
5357,1,11/17/15,18:53:00,-2.208178,3.197744,0.274304,-0.209658,-0.472043,0.790063
5358,1,11/17/15,18:53:00,-2.226394,2.927421,0.122585,-0.189712,-0.452311,0.761018
5359,1,11/17/15,18:53:00,-2.289635,2.51641,-0.019077,-0.175608,-0.418279,0.715158
5360,1,11/17/15,18:53:00,-2.251904,1.84165,-0.072642,-0.16611,-0.382584,0.670381
5361,1,11/17/15,18:53:00,-2.246276,1.067894,-0.108896,-0.167382,-0.349032,0.599881
5362,1,11/17/15,18:53:00,-2.171698,0.225135,-0.159883,-0.166956,-0.319194,0.526284
5363,1,11/17/15,18:53:00,-2.079661,-0.547919,-0.1609,-0.161326,-0.288758,0.469381
5364,1,11/17/15,18:53:00,-1.958738,-1.355367,-0.11038,-0.147638,-0.26236,0.443054
5365,1,11/17/15,18:53:00,-1.763158,-2.201536,-0.035872,-0.121343,-0.228266,0.485246
5366,1,11/17/15,18:53:00,-1.287014,-2.993332,0.119707,-0.072559,-0.21241,0.59971
5367,1,11/17/15,18:53:00,-0.781389,-3.817591,0.210871,0.013736,-0.229405,0.754154
5368,1,11/17/15,18:53:00,-0.24418,-4.719687,0.304212,0.13858,-0.265572,0.914357
5369,1,11/17/15,18:53:00,0.265075,-5.75571,0.31874,0.295259,-0.287632,0.987794
5370,1,11/17/15,18:53:00,0.717162,-6.943862,0.531246,0.482157,-0.300652,0.962267
5371,1,11/17/15,18:53:00,1.188167,-8.14569,0.768706,0.683615,-0.314241,0.837665
5372,1,11/17/15,18:53:00,1.751889,-9.321133,1.245857,0.885539,-0.306835,0.690067
5373,1,11/17/15,18:53:00,2.148473,-10.509339,1.667781,1.064375,-0.307174,0.489872
5374,1,11/17/15,18:53:00,2.471332,-11.686019,1.809177,1.193846,-0.324736,0.316954
5375,1,11/17/15,18:53:00,2.567988,-12.529562,1.651967,1.272434,-0.369147,0.118031
5376,1,11/17/15,18:53:00,2.330005,-13.558171,1.313452,1.2969,-0.404261,0.066479
5377,1,11/17/15,18:53:00,1.490598,-14.353524,0.666756,1.235661,-0.475569,0.034067
5378,1,11/17/15,18:53:00,0.67319,-14.507119,-0.022434,1.083999,-0.593641,-0.067866
5379,1,11/17/15,18:53:00,1.904074,-12.542616,-0.457203,0.873137,-0.619923,-0.207988
5380,1,11/17/15,18:53:00,5.19228,-8.993421,-1.537543,0.533148,-0.50762,-0.398349
5381,1,11/17/15,18:53:00,9.154224,-3.173886,-3.032433,0.099101,-0.268545,-0.473299
5382,1,11/17/15,18:53:00,11.131576,0.144087,-7.288804,-0.436925,0.3461,0.171023
5383,1,11/17/15,18:53:00,8.012024,5.228499,-20.642805,-1.026851,0.82957,0.15788
5384,1,11/17/15,18:53:00,-2.966208,11.44707,-23.790313,-2.052668,0.424492,-1.939506
5385,1,11/17/15,18:53:00,-14.982868,21.848237,-12.767867,-3.27385,0.273732,-3.971879
5386,1,11/17/15,18:53:00,-19.219472,23.795575,2.946284,-2.66505,0.450355,-2.474943
5387,1,11/17/15,18:53:00,-12.933677,21.90641,14.734821,-0.699624,1.16737,-0.30081
5388,1,11/17/15,18:53:00,-8.596442,15.808013,13.359881,0.842077,1.619307,0.388344
5389,1,11/17/15,18:53:00,-12.745037,23.910606,8.310364,0.984376,0.935598,-0.468194
5390,1,11/17/15,18:53:00,-8.497269,20.097628,2.159953,0.870315,0.616664,0.585594
5391,1,11/17/15,18:53:00,-10.089788,18.804189,0.444448,0.766269,0.184633,0.439169
5392,1,11/17/15,18:53:00,-10.6055,17.236124,0.752466,0.782916,-0.046932,0.500269
5393,1,11/17/15,18:53:00,-8.865062,14.402735,0.354142,0.989145,-0.227364,1.190861
5394,1,11/17/15,18:53:00,-7.206297,10.947217,-0.30654,1.20279,-0.316976,1.387868
5395,1,11/17/15,18:53:00,-5.759027,8.280711,-0.431174,1.37461,-0.312488,1.196746
5396,1,11/17/15,18:53:00,-5.334234,5.807204,-0.220126,1.398812,-0.411664,0.932109
5397,1,11/17/15,18:53:00,-3.826033,3.015255,-0.697375,1.329266,-0.568473,0.841311
5398,1,11/17/15,18:53:00,-3.688429,0.238208,-1.00025,1.187671,-0.585065,0.656238
5399,1,11/17/15,18:53:00,-1.819621,-1.744314,-1.318777,0.978422,-0.50013,0.609287
5400,1,11/17/15,18:53:00,-1.100163,-4.445638,-1.676392,0.757569,-0.451691,0.298858
5401,1,11/17/15,18:53:00,-0.232762,-7.388046,-1.550683,0.559643,-0.336243,0.083045
5402,1,11/17/15,18:53:00,0.074303,-9.172345,-1.116597,0.348795,-0.225279,-0.114263
5403,1,11/17/15,18:53:00,0.276695,-9.686235,-0.410406,0.095134,-0.121149,-0.430437
5404,1,11/17/15,18:53:01,0.609044,-10.938991,-0.164281,-0.117928,0.053094,-0.211774
5405,1,11/17/15,18:53:01,0.938661,-12.378428,-0.268028,-0.292467,0.202198,0.356252
5406,1,11/17/15,18:53:01,1.315389,-13.878764,-0.670369,-0.43745,0.280086,0.922743
5407,1,11/17/15,18:53:01,2.604737,-14.686207,-1.199927,-0.540789,0.300913,1.446876
5408,1,11/17/15,18:53:01,3.495916,-14.960134,-1.086835,-0.645585,0.32553,1.383239
5409,1,11/17/15,18:53:01,2.968183,-14.610162,-0.482608,-0.740439,0.354768,0.646233
5410,1,11/17/15,18:53:01,2.308841,-14.159855,-0.427966,-0.701107,0.33081,0.152867
5411,1,11/17/15,18:53:01,1.980009,-13.557195,-0.549682,-0.580246,0.358254,0.005918
5412,1,11/17/15,18:53:01,1.070028,-12.822327,-0.603611,-0.426171,0.390384,-0.215105
5413,1,11/17/15,18:53:01,0.598758,-11.905417,-0.559998,-0.322725,0.403113,-0.620203
5414,1,11/17/15,18:53:01,0.173187,-10.213777,-0.641858,-0.269423,0.40861,-1.097934
5415,1,11/17/15,18:53:01,0.006906,-8.091244,-0.617589,-0.213262,0.407345,-1.320314
5416,1,11/17/15,18:53:01,0.008464,-7.255997,-0.42559,-0.221333,0.521433,-1.152523
5417,1,11/17/15,18:53:01,0.876184,-7.022601,-0.578731,-0.219548,0.71201,-0.758321
5418,1,11/17/15,18:53:01,3.397989,-5.397351,-2.152452,-0.147362,0.863022,-0.556597
5419,1,11/17/15,18:53:01,6.369466,-2.390722,-2.357488,0.063252,0.899888,-0.58478
5420,1,11/17/15,18:53:01,8.645104,1.274352,-1.607441,0.398877,0.971186,-0.394761
5421,1,11/17/15,18:53:01,7.592654,2.29511,3.727277,0.826372,0.900612,0.240128
5422,1,11/17/15,18:53:01,4.791781,4.209244,12.576367,1.311271,0.761528,0.284669
5423,1,11/17/15,18:53:01,-0.737493,9.894803,10.000239,1.887664,0.555927,-1.154498
5424,1,11/17/15,18:53:01,-5.607289,21.912114,5.388895,2.044963,0.367912,-2.043832
5425,1,11/17/15,18:53:01,-15.154549,26.264962,-2.019902,1.276588,0.423485,-2.428797
5426,1,11/17/15,18:53:01,-20.678837,21.77437,-1.98394,-0.07242,-0.014516,-1.538452
5427,1,11/17/15,18:53:01,-9.245404,12.771504,-1.738877,-0.313475,-0.461206,2.097839
5428,1,11/17/15,18:53:01,-6.196864,18.177138,-3.788254,-0.375726,-0.428006,1.766663
5429,1,11/17/15,18:53:01,-12.625168,15.659278,-2.119407,-0.904122,-0.228032,-0.290168
5430,1,11/17/15,18:53:01,-8.151737,12.174803,-1.359258,-0.918572,-0.18522,0.766967
5431,1,11/17/15,18:53:01,-6.497551,10.027378,-0.608164,-0.913772,0.086681,1.064102
5432,1,11/17/15,18:53:01,-7.97362,8.788084,0.356185,-1.015366,0.282534,0.465267
5433,1,11/17/15,18:53:01,-6.793067,6.961155,1.740093,-1.054091,0.471316,0.713935
5434,1,11/17/15,18:53:01,-5.341547,5.343029,1.65958,-1.088611,0.554431,0.630919
5435,1,11/17/15,18:53:01,-3.990644,2.632509,1.563686,-1.029276,0.647465,0.680761
5436,1,11/17/15,18:53:01,-2.341447,0.504646,0.884179,-0.882143,0.719953,0.930807
5437,1,11/17/15,18:53:01,-0.807342,-2.034819,0.636794,-0.775052,0.746128,0.981886
5438,1,11/17/15,18:53:01,0.451625,-4.723394,0.228273,-0.703136,0.738972,0.968393
5439,1,11/17/15,18:53:01,2.961703,-6.896232,-0.566658,-0.656179,0.730393,0.998246
5440,1,11/17/15,18:53:01,4.736819,-9.405932,-1.582252,-0.557919,0.76303,0.74257
5441,1,11/17/15,18:53:01,4.925267,-11.507112,-1.599748,-0.433583,0.584108,0.346647
5442,1,11/17/15,18:53:01,4.314821,-13.423765,-0.401923,-0.362909,0.513822,0.143064
5443,1,11/17/15,18:53:01,5.324029,-14.57208,0.430515,-0.228366,0.516613,0.419711
5444,1,11/17/15,18:53:01,6.498379,-15.775914,0.797798,-0.070423,0.596639,0.661981
5445,1,11/17/15,18:53:01,5.959232,-16.722352,0.861185,0.097941,0.608581,0.648534
5446,1,11/17/15,18:53:01,4.964261,-17.720311,0.872124,0.205653,0.579674,0.721038
5447,1,11/17/15,18:53:01,3.509948,-18.287359,0.382384,0.282004,0.474094,0.634057
5448,1,11/17/15,18:53:01,1.747957,-17.762556,-0.054803,0.290182,0.235849,0.001141
5449,1,11/17/15,18:53:01,-0.329916,-15.831444,0.120445,0.224424,0.050301,-0.941462
5450,1,11/17/15,18:53:01,-0.918649,-13.063328,0.727428,0.141971,-0.081,-1.940654
5451,1,11/17/15,18:53:01,-1.577521,-9.940891,0.791841,0.140355,-0.160532,-2.576592
5452,1,11/17/15,18:53:01,-2.357211,-7.542071,1.598907,0.256108,-0.241198,-2.517779
5453,1,11/17/15,18:53:01,-2.182409,-5.339241,2.971603,0.307848,-0.223458,-1.963727
5454,1,11/17/15,18:53:01,0.795471,-1.383367,1.417709,0.227067,-0.113322,-1.38447
5455,1,11/17/15,18:53:01,5.089272,7.79642,-1.630206,-0.020895,0.02801,-1.362497
5456,1,11/17/15,18:53:01,-1.417883,17.891424,-6.036019,-0.506649,0.00626,-1.90345
5457,1,11/17/15,18:53:01,-6.336154,21.05326,-9.58701,-1.100497,-0.130916,-0.893864
5458,1,11/17/15,18:53:01,-4.645395,13.702936,-1.31871,-1.406437,0.105546,0.787904
5459,1,11/17/15,18:53:01,-7.1148,18.197914,4.539955,-1.031503,0.015453,-0.638372
5460,1,11/17/15,18:53:01,-11.630123,19.199659,4.081418,-0.289809,0.738577,-1.388161
5461,1,11/17/15,18:53:01,-3.775816,13.62271,3.234043,0.433741,0.482594,1.606661
5462,1,11/17/15,18:53:01,-8.677941,18.050516,2.827566,0.482756,0.143757,0.308079
5463,1,11/17/15,18:53:01,-6.19077,16.077439,2.675755,0.533602,-0.144664,0.35323
5464,1,11/17/15,18:53:01,-7.987112,15.42638,2.644461,0.597217,-0.422445,0.005488
5465,1,11/17/15,18:53:01,-7.023815,13.256241,2.610826,0.783184,-0.549005,0.092308
5466,1,11/17/15,18:53:01,-7.501015,11.865154,2.701982,0.921649,-0.726845,-0.012464
5467,1,11/17/15,18:53:01,-6.59857,7.988632,2.209379,1.048763,-0.812853,0.189963
5468,1,11/17/15,18:53:01,-5.241158,5.379471,1.729088,1.173085,-0.88981,0.326212
5469,1,11/17/15,18:53:01,-4.198048,2.424418,1.08558,1.170052,-0.977747,0.14274
5470,1,11/17/15,18:53:01,-3.101116,0.348689,0.183434,1.086085,-1.066225,0.052674
5471,1,11/17/15,18:53:01,-2.441186,-1.464028,-0.356265,0.930835,-1.148355,-0.216646
5472,1,11/17/15,18:53:01,-1.229943,-3.630269,-0.391672,0.78451,-1.150871,-0.315902
5473,1,11/17/15,18:53:01,0.670114,-5.780707,-0.545565,0.666956,-1.109777,-0.184552
5474,1,11/17/15,18:53:01,2.19916,-7.559249,-1.154753,0.543024,-0.997523,0.071782
5475,1,11/17/15,18:53:01,3.50855,-9.201852,-1.31787,0.388982,-0.83269,0.225974
5476,1,11/17/15,18:53:01,4.017887,-10.573726,-0.99636,0.202115,-0.625177,0.287547
5477,1,11/17/15,18:53:01,3.621461,-11.60767,-1.208324,-0.012458,-0.438787,0.265723
5478,1,11/17/15,18:53:01,3.346599,-12.409158,-1.858047,-0.264748,-0.336323,0.434274
5479,1,11/17/15,18:53:01,4.580062,-13.021015,-2.860895,-0.499884,-0.279061,0.836081
5480,1,11/17/15,18:53:01,6.08016,-13.78206,-3.576325,-0.674554,-0.219963,1.013478
5481,1,11/17/15,18:53:01,6.073143,-15.293663,-2.899832,-0.786328,-0.18405,0.762614
5482,1,11/17/15,18:53:01,3.8854,-16.526831,-2.186246,-0.716265,-0.097645,0.49336
5483,1,11/17/15,18:53:01,2.180949,-16.684802,-2.034928,-0.521445,0.071949,0.300176
5484,1,11/17/15,18:53:01,1.307629,-15.258179,-2.847154,-0.28738,0.220647,-0.275188
5485,1,11/17/15,18:53:01,1.270191,-12.828995,-2.708792,-0.132248,0.301703,-1.180676
5486,1,11/17/15,18:53:01,1.505937,-10.012134,-1.881288,-0.010863,0.362303,-1.712997
5487,1,11/17/15,18:53:01,1.695497,-8.817903,-0.49688,0.137674,0.504092,-1.568225
5488,1,11/17/15,18:53:01,0.737371,-8.83695,0.052788,0.234303,0.677633,-1.159402
5489,1,11/17/15,18:53:01,0.887853,-8.275345,-0.010484,0.265233,0.891243,-0.808845
5490,1,11/17/15,18:53:01,3.314659,-5.595929,-1.123525,0.331612,0.986768,-0.6578
5491,1,11/17/15,18:53:01,5.113151,-0.969079,0.030318,0.510491,0.859505,-0.888618
5492,1,11/17/15,18:53:01,5.366183,5.266149,0.805332,0.824923,0.639867,-0.894071
5493,1,11/17/15,18:53:01,2.457731,10.313497,13.466806,1.282803,0.610841,-0.573599
5494,1,11/17/15,18:53:01,-2.440194,12.860089,8.50654,1.94985,0.494957,-1.240652
5495,1,11/17/15,18:53:01,-9.059576,25.566293,3.359409,1.878958,0.277756,-1.445121
5496,1,11/17/15,18:53:01,-14.500826,26.63763,1.465297,0.82251,0.303177,-2.399896
5497,1,11/17/15,18:53:01,-19.232262,17.0062,0.578666,0.030514,0.100433,-0.683726
5498,1,11/17/15,18:53:01,-2.918218,13.340787,-3.276791,0.161228,-0.327477,3.166926
5499,1,11/17/15,18:53:01,-9.520861,17.502051,-2.203141,-0.342642,-0.004385,0.69523
5500,1,11/17/15,18:53:01,-13.715724,18.117038,-3.058474,-0.583413,0.456831,-0.325987
5501,1,11/17/15,18:53:01,-9.691552,14.464683,-2.402343,-0.482712,0.461683,1.189322
5502,1,11/17/15,18:53:01,-10.135725,11.609004,-0.289644,-0.764033,0.59829,0.670663
5503,1,11/17/15,18:53:01,-9.4632,8.973358,1.690324,-1.012748,0.658947,0.506167
5504,1,11/17/15,18:53:01,-8.679557,7.567692,2.882077,-1.091946,0.828909,0.561052
5505,1,11/17/15,18:53:01,-7.413694,4.961757,3.164597,-1.147987,0.954626,0.654429
5506,1,11/17/15,18:53:01,-4.83393,1.94111,3.214109,-1.21238,0.934131,0.834405
5507,1,11/17/15,18:53:01,-3.547784,0.01038,2.237909,-1.225888,0.913721,0.742699
5508,1,11/17/15,18:53:01,-2.323769,-1.40039,1.135583,-1.187997,0.863392,0.565991
5509,1,11/17/15,18:53:02,0.126104,-4.012118,1.01476,-1.051685,0.817233,0.968093
5510,1,11/17/15,18:53:02,3.005051,-6.890107,0.101839,-0.931507,0.810824,1.208948
5511,1,11/17/15,18:53:02,5.140461,-9.250442,-0.272772,-0.740973,0.684294,0.937574
5512,1,11/17/15,18:53:02,5.134351,-11.15589,-0.451355,-0.566593,0.564275,0.389697
5513,1,11/17/15,18:53:02,4.564536,-13.035276,0.943236,-0.454629,0.484882,0.125861
5514,1,11/17/15,18:53:02,4.539816,-14.27362,2.24713,-0.253297,0.495555,0.396017
5515,1,11/17/15,18:53:02,6.870044,-15.164372,2.629832,0.024831,0.49912,0.824552
5516,1,11/17/15,18:53:02,7.575425,-16.525156,2.171201,0.253155,0.648924,1.023139
5517,1,11/17/15,18:53:02,5.99021,-17.928427,1.494559,0.424299,0.674523,1.011078
5518,1,11/17/15,18:53:02,3.982433,-18.369708,0.779443,0.528473,0.544186,0.747138
5519,1,11/17/15,18:53:02,3.374382,-17.351235,0.360868,0.513567,0.429631,0.15807
5520,1,11/17/15,18:53:02,2.863075,-14.452274,0.433485,0.355822,0.299909,-0.990977
5521,1,11/17/15,18:53:02,2.37511,-11.877602,0.774909,0.160193,0.219707,-1.873948
5522,1,11/17/15,18:53:02,1.416961,-9.945428,0.37336,0.089168,0.174456,-2.08597
5523,1,11/17/15,18:53:02,0.073137,-8.271969,-0.206634,0.036561,0.031568,-2.053579
5524,1,11/17/15,18:53:02,-1.105215,-6.850769,-0.652948,-0.032543,-0.081284,-1.768651
5525,1,11/17/15,18:53:02,-1.209151,-5.438532,-0.547269,-0.059771,-0.099861,-1.197671
5526,1,11/17/15,18:53:02,0.081137,-3.676946,-0.256362,-0.055355,-0.043324,-0.71191
5527,1,11/17/15,18:53:02,1.84249,-0.841105,-0.888066,-0.116977,0.145154,-0.592141
5528,1,11/17/15,18:53:02,3.860545,4.881161,-1.020362,-0.303056,0.371684,-0.856339
5529,1,11/17/15,18:53:02,1.022494,10.681767,-3.733184,-0.651066,0.481342,-1.160255
5530,1,11/17/15,18:53:02,-1.8095,11.275987,-6.960784,-0.916831,0.389247,-0.618658
5531,1,11/17/15,18:53:02,-6.079644,11.578908,-2.188207,-1.212739,0.361363,-0.667194
5532,1,11/17/15,18:53:02,-11.457236,23.353673,2.778311,-1.346005,-0.169822,-2.247412
5533,1,11/17/15,18:53:02,-17.195,23.568052,9.175523,-1.121385,-0.183795,-2.201574
5534,1,11/17/15,18:53:02,-11.603477,14.890715,7.22619,-0.095604,0.275602,0.714975
5535,1,11/17/15,18:53:02,-4.003061,15.420831,2.49935,0.448274,0.113594,2.049239
5536,1,11/17/15,18:53:02,-11.188316,17.097241,0.885445,0.33571,-0.158139,0.015681
5537,1,11/17/15,18:53:02,-11.572779,18.030343,0.958621,0.498762,-0.303339,-0.249683
5538,1,11/17/15,18:53:02,-9.973759,15.360222,1.412554,0.820925,-0.297445,0.232749
5539,1,11/17/15,18:53:02,-9.900616,13.354018,2.008338,1.015784,-0.386801,0.043109
5540,1,11/17/15,18:53:02,-9.506101,11.755877,2.331391,1.143331,-0.430546,0.118152
5541,1,11/17/15,18:53:02,-9.692631,9.221458,2.514512,1.287646,-0.47769,0.211928
5542,1,11/17/15,18:53:02,-7.511478,5.615329,1.7419,1.426447,-0.494895,0.721889
5543,1,11/17/15,18:53:02,-4.57191,2.918736,1.387902,1.491437,-0.543758,1.084382
5544,1,11/17/15,18:53:02,-3.829464,0.400911,1.443157,1.355277,-0.590661,0.534326
5545,1,11/17/15,18:53:02,-2.520728,-1.385369,1.505877,1.181186,-0.651343,0.127087
5546,1,11/17/15,18:53:02,-0.736011,-2.935625,1.74726,1.012511,-0.585812,0.210396
5547,1,11/17/15,18:53:02,1.126145,-5.590719,1.109148,0.825788,-0.482698,0.410074
5548,1,11/17/15,18:53:02,3.20142,-8.333543,0.708271,0.638481,-0.308267,0.563167
5549,1,11/17/15,18:53:02,5.448401,-10.071846,0.084561,0.428067,-0.08312,0.75986
5550,1,11/17/15,18:53:02,5.952623,-11.503371,0.329929,0.139343,0.118608,0.372992
5551,1,11/17/15,18:53:02,4.267593,-12.401449,-0.801661,-0.185511,0.317128,-0.032634
5552,1,11/17/15,18:53:02,3.661369,-13.269916,-2.952558,-0.47564,0.462648,0.294597
5553,1,11/17/15,18:53:02,4.781016,-13.81904,-5.408824,-0.704023,0.58634,1.017048
5554,1,11/17/15,18:53:02,6.472278,-14.988801,-6.587023,-0.914659,0.704581,1.175161
5555,1,11/17/15,18:53:02,5.811118,-16.703806,-5.368449,-0.978901,0.767955,0.744121
5556,1,11/17/15,18:53:02,3.208569,-17.975065,-4.690885,-0.799486,0.895715,0.471961
5557,1,11/17/15,18:53:02,2.731641,-17.897168,-2.846674,-0.533108,1.126517,0.657257
5558,1,11/17/15,18:53:02,3.116577,-15.408955,-1.26477,-0.234152,1.271011,0.258828
5559,1,11/17/15,18:53:02,2.981647,-12.121268,0.182565,0.095517,1.241939,-0.983688
5560,1,11/17/15,18:53:02,3.11203,-9.413937,1.303659,0.402546,1.223273,-1.726881
5561,1,11/17/15,18:53:02,1.698798,-7.788604,1.165436,0.702981,1.221828,-1.798378
5562,1,11/17/15,18:53:02,-0.31337,-7.599181,0.880814,0.851272,1.233245,-1.252915
5563,1,11/17/15,18:53:02,-1.124925,-7.676419,0.915545,0.84086,1.338223,-0.332527
5564,1,11/17/15,18:53:02,1.998165,-5.6223,0.034897,0.719674,1.338793,0.155191
5565,1,11/17/15,18:53:02,3.420302,-2.621075,0.295996,0.58313,1.087046,-0.555369
5566,1,11/17/15,18:53:02,2.574144,3.225727,2.158335,0.655679,0.675725,-1.876645
5567,1,11/17/15,18:53:02,0.463517,13.824813,8.662313,0.938805,0.361342,-2.6872
5568,1,11/17/15,18:53:02,-3.24111,21.117233,9.241204,1.728499,-0.024296,-2.778349
5569,1,11/17/15,18:53:02,-11.245637,23.651144,9.167181,1.930036,-0.041495,-1.690434
5570,1,11/17/15,18:53:02,-18.13928,25.312573,6.446306,1.21518,0.35232,-3.973476
5571,1,11/17/15,18:53:02,-24.364391,16.041296,-0.323539,0.367727,0.628321,-1.457524
5572,1,11/17/15,18:53:02,-11.672757,15.54267,-5.322567,0.433388,-0.083001,3.275122
5573,1,11/17/15,18:53:02,-4.221219,16.367186,-5.898527,0.135432,-0.388986,2.403036
5574,1,11/17/15,18:53:02,-12.628044,14.587132,-2.950896,-0.195528,0.656103,0.290032
5575,1,11/17/15,18:53:02,-15.38601,15.954159,-1.4245,-0.247445,1.156538,-0.062846
5576,1,11/17/15,18:53:02,-9.213272,10.677534,0.054957,-0.479851,0.868094,1.191132
5577,1,11/17/15,18:53:02,-6.719572,6.427022,1.735772,-0.826593,1.045653,1.053006
5578,1,11/17/15,18:53:02,-7.344478,4.698558,2.870728,-1.03197,1.326846,0.507921
5579,1,11/17/15,18:53:02,-7.141324,3.328228,3.354556,-1.224534,1.51053,-0.050187
5580,1,11/17/15,18:53:02,-5.773263,0.610384,3.362228,-1.236027,1.634606,0.409829
5581,1,11/17/15,18:53:02,-4.071035,-1.354436,2.794791,-1.225349,1.731173,0.839726
5582,1,11/17/15,18:53:02,-2.713993,-3.354529,2.215098,-1.241196,1.755887,0.835062
5583,1,11/17/15,18:53:02,-0.716992,-4.959948,1.934897,-1.198716,1.733514,1.078295
5584,1,11/17/15,18:53:02,2.058201,-6.562952,1.618765,-1.075196,1.66915,1.412222
5585,1,11/17/15,18:53:02,4.526632,-8.713083,1.105296,-0.918654,1.512174,1.514352
5586,1,11/17/15,18:53:02,4.849013,-11.299552,2.127888,-0.658647,1.201419,1.222201
5587,1,11/17/15,18:53:02,3.788285,-13.167883,3.698453,-0.418993,1.042811,0.862017
5588,1,11/17/15,18:53:02,2.96545,-14.544614,5.172255,-0.109768,0.906317,0.780875
5589,1,11/17/15,18:53:02,4.314539,-15.538923,6.449767,0.334542,0.799148,1.332488
5590,1,11/17/15,18:53:02,7.670362,-16.310171,6.390894,0.78999,0.714764,1.952683
5591,1,11/17/15,18:53:02,8.404892,-17.633671,6.052424,1.002447,0.620964,1.722622
5592,1,11/17/15,18:53:02,5.607228,-18.707398,4.216373,1.098105,0.459719,1.106407
5593,1,11/17/15,18:53:02,3.207527,-16.913632,1.391574,1.1319,0.201623,0.252088
5594,1,11/17/15,18:53:02,2.722497,-14.240013,-0.457518,0.900388,0.27413,-0.726466
5595,1,11/17/15,18:53:02,3.309245,-11.308869,-2.033153,0.632635,0.390327,-1.68973
5596,1,11/17/15,18:53:02,2.466109,-9.901136,-3.867538,0.381484,0.613663,-2.006963
5597,1,11/17/15,18:53:02,0.988459,-9.007855,-4.360201,0.245644,0.672325,-1.867114
5598,1,11/17/15,18:53:02,0.195147,-8.658058,-3.364551,0.090567,0.6476,-1.516199
5599,1,11/17/15,18:53:02,0.874241,-7.680883,-2.659591,-0.132449,0.668845,-1.103572
5600,1,11/17/15,18:53:02,1.975176,-4.83753,-3.038237,-0.453014,0.695583,-1.350939
5601,1,11/17/15,18:53:02,2.227863,-0.324118,-4.063232,-0.741504,0.673645,-1.987144
5602,1,11/17/15,18:53:02,3.254352,7.936206,-2.928782,-0.955017,0.452829,-2.300725
5603,1,11/17/15,18:53:02,0.031066,19.745112,-4.823111,-1.352444,0.50731,-1.745064
5604,1,11/17/15,18:53:02,-4.621048,21.074462,-5.349507,-1.771199,0.646352,-0.420083
5605,1,11/17/15,18:53:02,-7.79505,19.800719,-0.75427,-1.897768,0.910059,-0.041677
5606,1,11/17/15,18:53:02,-17.281442,26.512946,4.069472,-1.821789,0.851405,-2.865006
5607,1,11/17/15,18:53:02,-17.327088,13.929883,6.812576,-1.325248,1.304513,-1.146965
5608,1,11/17/15,18:53:02,-3.228158,13.301732,5.264965,-0.180477,1.37422,1.820525
5609,1,11/17/15,18:53:02,-16.040287,21.666876,3.347771,0.105089,1.411832,-0.549361
5610,1,11/17/15,18:53:02,-17.509694,22.217457,3.991964,0.119596,1.115981,-0.968212
5611,1,11/17/15,18:53:02,-10.161321,13.811029,3.725985,0.474226,1.208632,0.958052
5612,1,11/17/15,18:53:02,-8.569146,12.119703,3.869757,0.688469,1.025197,0.720429
5613,1,11/17/15,18:53:02,-10.59972,10.877904,3.632371,0.694458,0.899685,-0.278578
5614,1,11/17/15,18:53:03,-9.993785,8.293211,2.595073,0.880645,0.891453,-0.047706
5615,1,11/17/15,18:53:03,-7.367606,5.880026,2.084608,1.012403,0.806972,0.519992
5616,1,11/17/15,18:53:03,-4.927002,3.438241,1.979077,0.944438,0.764114,0.573815
5617,1,11/17/15,18:53:03,-2.985978,1.264591,1.849471,0.773227,0.68551,0.427578
5618,1,11/17/15,18:53:03,-1.651906,-1.81924,1.541328,0.579624,0.577186,0.194966
5619,1,11/17/15,18:53:03,0.030219,-4.862746,1.064317,0.407325,0.509492,0.119898
5620,1,11/17/15,18:53:03,2.760349,-7.758563,0.798915,0.253159,0.583804,0.226754
5621,1,11/17/15,18:53:03,3.840446,-9.732439,1.30998,-0.020842,0.754879,0.204419
5622,1,11/17/15,18:53:03,4.144558,-11.10216,1.412185,-0.277473,0.873264,0.117637
5623,1,11/17/15,18:53:03,3.545427,-12.530558,0.462812,-0.549374,1.035493,0.196535
5624,1,11/17/15,18:53:03,3.167392,-13.557684,-0.190669,-0.812863,1.123612,0.4617
5625,1,11/17/15,18:53:03,4.387172,-14.588032,-1.213263,-1.065089,1.227696,0.897013
5626,1,11/17/15,18:53:03,6.856032,-15.317144,-2.168812,-1.239492,1.347031,1.234258
5627,1,11/17/15,18:53:03,6.07833,-17.029044,-1.666755,-1.276233,1.419551,0.962512
5628,1,11/17/15,18:53:03,1.89033,-18.327305,-1.664148,-1.100816,1.45654,0.514311
5629,1,11/17/15,18:53:03,0.733501,-18.31342,-2.022252,-0.813083,1.597925,0.452827
5630,1,11/17/15,18:53:03,0.85702,-16.957277,-2.496858,-0.629816,1.864318,0.120428
5631,1,11/17/15,18:53:03,1.368329,-13.998691,-2.936216,-0.458273,1.884424,-0.853707
5632,1,11/17/15,18:53:03,0.98385,-10.756614,-2.764206,-0.267459,1.773683,-2.073989
5633,1,11/17/15,18:53:03,1.332822,-7.310686,-2.660209,-0.004369,1.652765,-2.736976
5634,1,11/17/15,18:53:03,1.526348,-5.219522,-1.572968,0.227447,1.597806,-2.516163
5635,1,11/17/15,18:53:03,0.592662,-5.0324,1.053013,0.399398,1.666626,-1.25579
5636,1,11/17/15,18:53:03,1.379269,-6.419698,2.14044,0.359338,1.952511,0.272803
5637,1,11/17/15,18:53:03,5.913849,-3.91533,1.513959,0.412953,1.714633,0.458343
5638,1,11/17/15,18:53:03,8.258556,0.380036,1.368684,0.43377,1.272484,-0.73343
5639,1,11/17/15,18:53:03,8.581273,6.369022,7.313455,0.603387,0.746677,-1.768185
5640,1,11/17/15,18:53:03,2.386013,8.484423,14.577997,1.068567,0.568361,-1.876382
5641,1,11/17/15,18:53:03,-2.415348,11.836628,5.7807,1.975402,-0.020986,-2.48688
5642,1,11/17/15,18:53:03,-11.369871,25.199849,-3.235281,1.788682,0.325795,-3.001162
5643,1,11/17/15,18:53:03,-17.132517,24.337414,-12.150498,0.986299,0.986925,-3.208568
5644,1,11/17/15,18:53:03,-19.325783,20.526163,-9.240295,-0.304104,0.187665,-1.289092
5645,1,11/17/15,18:53:03,-10.204582,18.473955,-4.751627,-0.437717,0.36506,1.42712
5646,1,11/17/15,18:53:03,-10.461187,19.032867,-1.418247,-0.300932,0.768995,1.152067
5647,1,11/17/15,18:53:03,-13.023742,17.185464,-2.285128,-0.441834,0.8293,0.30125
5648,1,11/17/15,18:53:03,-9.732865,14.532922,-1.687184,-0.585612,1.017283,1.300363
5649,1,11/17/15,18:53:03,-9.513659,12.748996,-1.920156,-0.820152,1.239622,1.349298
5650,1,11/17/15,18:53:03,-9.302238,11.201064,-0.652626,-1.163011,1.341187,1.071117
5651,1,11/17/15,18:53:03,-9.137645,8.41727,-0.574405,-1.420099,1.416521,0.937811
5652,1,11/17/15,18:53:03,-7.224872,4.903174,-0.651594,-1.483896,1.60628,1.17119
5653,1,11/17/15,18:53:03,-4.960939,1.528911,-0.51101,-1.456598,1.784483,1.278409
5654,1,11/17/15,18:53:03,-4.234789,-0.765424,-0.767793,-1.394782,1.948995,1.090654
5655,1,11/17/15,18:53:03,-3.506599,-3.321094,-0.123802,-1.339945,2.079369,0.893018
5656,1,11/17/15,18:53:03,-1.381462,-5.5792,0.121249,-1.234775,2.177329,1.294228
5657,1,11/17/15,18:53:03,1.910805,-7.521728,0.674036,-1.143072,2.111416,1.461589
5658,1,11/17/15,18:53:03,4.409647,-9.446825,0.854884,-0.966042,1.87391,1.319081
5659,1,11/17/15,18:53:03,5.128262,-11.221892,2.135731,-0.755865,1.524202,0.857613
5660,1,11/17/15,18:53:03,4.233579,-13.294062,4.262924,-0.562848,1.221402,0.523026
5661,1,11/17/15,18:53:03,3.409175,-14.790445,6.435614,-0.250732,1.120641,0.687604
5662,1,11/17/15,18:53:03,5.125909,-16.084214,7.008688,0.202066,1.073754,1.212956
5663,1,11/17/15,18:53:03,5.834862,-16.88852,6.442076,0.6469,1.117523,1.540081
5664,1,11/17/15,18:53:03,4.840315,-17.692548,5.639451,0.864424,0.957126,1.52313
5665,1,11/17/15,18:53:03,3.027044,-17.934104,3.512893,0.88005,0.671822,1.143897
5666,1,11/17/15,18:53:03,1.686235,-16.898098,1.887326,0.725358,0.42726,0.530708
5667,1,11/17/15,18:53:03,1.235091,-15.469797,0.344339,0.332696,0.208943,-0.719779
5668,1,11/17/15,18:53:03,1.997276,-12.535454,-1.348457,-0.021153,0.151531,-1.904377
5669,1,11/17/15,18:53:03,0.989224,-10.329104,-2.270128,-0.248472,0.209929,-2.463797
5670,1,11/17/15,18:53:03,-0.230702,-8.105417,-2.636689,-0.405756,0.135402,-2.532485
5671,1,11/17/15,18:53:03,-0.251014,-6.560089,-2.851041,-0.554361,0.136179,-2.1993
5672,1,11/17/15,18:53:03,0.908484,-4.877721,-2.130556,-0.659622,0.238077,-1.588268
5673,1,11/17/15,18:53:03,3.039745,-3.30377,-2.677088,-0.769792,0.442275,-1.039544
5674,1,11/17/15,18:53:03,4.842295,0.285854,-3.912124,-0.861987,0.548439,-1.169153
5675,1,11/17/15,18:53:03,5.100953,7.039048,-5.722428,-1.010468,0.516331,-1.623974
5676,1,11/17/15,18:53:03,-0.254579,13.009337,-11.01211,-1.059428,0.700271,-1.117823
5677,1,11/17/15,18:53:03,-2.97961,12.998494,-7.992497,-1.206415,0.847449,-0.12133
5678,1,11/17/15,18:53:03,-3.881947,14.708257,-0.901104,-1.223093,0.870736,-0.477483
5679,1,11/17/15,18:53:03,-14.487281,29.440834,2.717419,-0.883015,0.585716,-3.592486
5680,1,11/17/15,18:53:03,-21.153709,20.396939,-1.840722,-0.234146,1.281865,-2.517297
5681,1,11/17/15,18:53:03,-4.500158,15.162658,-3.224589,0.229235,1.499817,2.350499
5682,1,11/17/15,18:53:03,-9.740048,20.182766,-1.107185,0.044646,1.076523,0.96824
5683,1,11/17/15,18:53:03,-12.904053,17.750579,-1.895435,0.058358,0.913598,-0.667956
5684,1,11/17/15,18:53:03,-8.031101,14.637017,-1.349804,0.375668,0.748805,0.360028
5685,1,11/17/15,18:53:03,-9.377869,13.802367,0.357146,0.445949,0.444942,-0.322579
5686,1,11/17/15,18:53:03,-10.762943,12.150245,0.762885,0.683239,0.48302,-0.28646
5687,1,11/17/15,18:53:03,-8.221329,8.514867,0.845121,0.785217,0.305201,0.396563
5688,1,11/17/15,18:53:03,-5.541325,4.87326,0.884252,0.754956,0.147724,0.848108
5689,1,11/17/15,18:53:03,-3.711672,2.085441,0.286043,0.645771,0.036406,0.826291
5690,1,11/17/15,18:53:03,-2.119907,-0.225212,0.244254,0.446351,-0.139651,0.486559
5691,1,11/17/15,18:53:03,-1.479936,-2.282136,0.045847,0.225844,-0.224564,0.135339
5692,1,11/17/15,18:53:03,-0.28566,-4.338581,-0.158188,0.056981,-0.261775,0.017541
5693,1,11/17/15,18:53:03,2.160659,-7.068235,0.323672,-0.081661,-0.101538,0.355277
5694,1,11/17/15,18:53:03,3.339602,-9.230048,0.580485,-0.299692,0.179062,0.538139
5695,1,11/17/15,18:53:03,3.750543,-11.051334,0.607074,-0.52096,0.319385,0.431628
5696,1,11/17/15,18:53:03,3.041088,-13.064357,0.295691,-0.777165,0.530234,0.531753
5697,1,11/17/15,18:53:03,2.974444,-14.648329,-0.569728,-0.99961,0.665824,0.921728
5698,1,11/17/15,18:53:03,5.015085,-15.578628,-1.472878,-1.168651,0.806507,1.368739
5699,1,11/17/15,18:53:03,6.422799,-15.949511,-1.457422,-1.338535,0.865117,1.215726
5700,1,11/17/15,18:53:03,4.382208,-16.938189,-0.426287,-1.339233,0.781825,0.604376
5701,1,11/17/15,18:53:03,1.807987,-17.775874,-0.186452,-1.0926,0.809977,0.240051
5702,1,11/17/15,18:53:03,1.527772,-17.589833,-0.264003,-0.727946,1.00166,0.13446
5703,1,11/17/15,18:53:03,0.920477,-16.264099,-0.77709,-0.42091,1.068106,-0.418024
5704,1,11/17/15,18:53:03,0.3247,-13.708951,-1.257712,-0.204579,0.828724,-1.4507
5705,1,11/17/15,18:53:03,-0.15716,-10.589345,-1.855281,-0.038488,0.775919,-2.090154
5706,1,11/17/15,18:53:03,0.181453,-8.130104,-2.511746,0.071952,0.745373,-2.399096
5707,1,11/17/15,18:53:03,0.662482,-6.213989,-1.73789,0.146914,0.87665,-2.252379
5708,1,11/17/15,18:53:03,0.324204,-5.745022,-0.395,0.263039,1.230242,-1.324516
5709,1,11/17/15,18:53:03,3.282944,-4.775709,-0.997528,0.350437,1.417022,-0.411191
5710,1,11/17/15,18:53:03,7.448984,-2.080763,-1.178095,0.472393,1.099384,-0.542407
5711,1,11/17/15,18:53:03,10.127095,3.624766,0.825548,0.667497,0.490661,-1.282591
5712,1,11/17/15,18:53:03,6.791515,10.097574,10.554665,0.953023,0.099951,-1.511836
5713,1,11/17/15,18:53:03,0.89202,9.115756,9.760068,1.557374,-0.301081,-1.605156
5714,1,11/17/15,18:53:03,-5.090679,17.121482,-0.347604,1.634872,-0.372334,-1.441003
5715,1,11/17/15,18:53:03,-12.692626,25.18083,-12.623949,1.179433,0.165951,-2.490717
5716,1,11/17/15,18:53:03,-18.654845,22.877703,-13.748605,0.081377,0.081185,-2.175792
5717,1,11/17/15,18:53:03,-11.475284,11.666066,-10.146873,-0.325193,0.261578,1.671387
5718,1,11/17/15,18:53:03,1.827695,14.130159,-8.787997,-0.078671,0.45803,3.250915
5719,1,11/17/15,18:53:04,-9.598579,16.746848,-5.663362,-0.561769,0.182198,0.022223
5720,1,11/17/15,18:53:04,-12.147915,19.789033,-5.472462,-0.645655,0.34897,-0.331707
5721,1,11/17/15,18:53:04,-10.329071,14.620899,-4.690644,-0.658403,0.72331,0.910984
5722,1,11/17/15,18:53:04,-7.495824,11.725057,-3.853495,-0.904311,0.751741,1.342575
5723,1,11/17/15,18:53:04,-7.633928,9.374888,-2.598402,-1.169794,0.779019,0.92678
5724,1,11/17/15,18:53:04,-7.350456,7.183189,-2.039602,-1.331743,0.858722,0.762969
5725,1,11/17/15,18:53:04,-5.782448,4.418918,-2.048259,-1.443,0.968818,0.802257
5726,1,11/17/15,18:53:04,-4.494542,0.808193,-1.311162,-1.534595,1.09035,0.922998
5727,1,11/17/15,18:53:04,-3.360415,-2.303265,-1.716629,-1.515256,1.202303,0.993707
5728,1,11/17/15,18:53:04,-2.447989,-4.701173,-2.267275,-1.600409,1.274765,0.830843
5729,1,11/17/15,18:53:04,0.170493,-6.647672,-2.255223,-1.510517,1.30018,0.963107
5730,1,11/17/15,18:53:04,2.516365,-8.823828,-1.988127,-1.378153,1.376565,1.050901
5731,1,11/17/15,18:53:04,3.608342,-10.145149,-1.102623,-1.214705,1.20463,0.6618
5732,1,11/17/15,18:53:04,3.393702,-11.502418,0.6434,-0.994061,1.022599,0.317662
5733,1,11/17/15,18:53:04,2.551356,-12.446207,2.983577,-0.708555,0.931892,0.391428
5734,1,11/17/15,18:53:04,2.877351,-13.420806,4.774892,-0.343818,0.964275,0.665167
5735,1,11/17/15,18:53:04,4.598685,-13.822015,5.633121,0.12332,1.200285,1.314505
5736,1,11/17/15,18:53:04,6.173969,-14.770691,5.743839,0.411504,1.252109,1.394253
5737,1,11/17/15,18:53:04,6.014905,-16.187662,4.7091,0.575548,1.259014,1.290203
5738,1,11/17/15,18:53:04,3.355973,-17.184937,3.584384,0.604646,0.994831,0.894377
5739,1,11/17/15,18:53:04,2.105187,-16.692764,2.785996,0.487308,0.568348,0.215915
5740,1,11/17/15,18:53:04,1.577145,-14.853236,1.634382,0.283305,0.159454,-0.726558
5741,1,11/17/15,18:53:04,1.560529,-12.277796,0.592044,0.157027,-0.211313,-1.578536
5742,1,11/17/15,18:53:04,1.3255,-10.424615,-0.533316,0.061236,-0.402371,-1.882543
5743,1,11/17/15,18:53:04,1.258086,-8.769441,-1.579172,-0.03342,-0.61574,-1.965311
5744,1,11/17/15,18:53:04,0.681746,-7.031173,-1.236225,-0.164018,-0.713552,-1.733505
5745,1,11/17/15,18:53:04,2.162259,-5.349396,-0.152685,-0.271805,-0.613199,-1.118989
5746,1,11/17/15,18:53:04,5.03045,-2.374562,-0.775671,-0.468574,-0.453202,-0.940519
5747,1,11/17/15,18:53:04,6.569936,3.014099,-4.691984,-0.692578,-0.485914,-1.468644
5748,1,11/17/15,18:53:04,3.251152,12.183494,-9.413363,-0.848411,-0.788334,-1.83813
5749,1,11/17/15,18:53:04,-3.716117,16.459503,-15.901828,-1.140354,-0.56842,-1.293813
5750,1,11/17/15,18:53:04,-3.071478,11.441006,-3.728051,-1.135016,0.028418,0.247946
5751,1,11/17/15,18:53:04,-6.961607,17.060705,-0.129784,-0.447361,0.203369,-0.430408
5752,1,11/17/15,18:53:04,-17.0727,26.725306,-4.985233,-0.16737,-1.130296,-4.220248
5753,1,11/17/15,18:53:04,-19.672574,16.251825,-5.067421,0.120252,0.278874,-0.805223
5754,1,11/17/15,18:53:04,-3.173794,14.337207,-3.745241,0.639263,0.654464,2.8045
5755,1,11/17/15,18:53:04,-9.930954,17.809729,-2.845025,0.265093,-0.066639,0.244711
5756,1,11/17/15,18:53:04,-13.092303,16.759912,-1.63369,0.240215,-0.289138,-0.820483
5757,1,11/17/15,18:53:04,-8.704261,13.106635,-2.411671,0.698163,-0.09783,0.638321
5758,1,11/17/15,18:53:04,-8.913431,11.343387,-2.248905,0.886227,-0.454049,0.393713
5759,1,11/17/15,18:53:04,-9.280669,8.996146,-1.797515,0.983197,-0.534118,0.079695
5760,1,11/17/15,18:53:04,-6.935349,5.670215,-1.772054,1.078502,-0.496449,0.582582
5761,1,11/17/15,18:53:04,-4.165992,2.804654,-1.972884,1.056075,-0.539538,0.908048
5762,1,11/17/15,18:53:04,-2.217715,-0.579966,-1.97303,0.895493,-0.612137,0.867257
5763,1,11/17/15,18:53:04,-1.316688,-3.083296,-1.927292,0.723977,-0.72517,0.373916
5764,1,11/17/15,18:53:04,-1.067121,-4.232194,-1.204637,0.545176,-0.895779,-0.104112
5765,1,11/17/15,18:53:04,0.490352,-5.855722,-0.506856,0.410158,-0.940471,-0.13406
5766,1,11/17/15,18:53:04,3.036852,-7.825429,0.116018,0.348926,-0.598648,0.574532
5767,1,11/17/15,18:53:04,4.347627,-9.621169,0.585865,0.143965,-0.296447,0.848499
5768,1,11/17/15,18:53:04,3.996395,-11.27424,1.036514,-0.147428,-0.215346,0.640568
5769,1,11/17/15,18:53:04,3.534815,-12.938946,0.688412,-0.400325,-0.136067,0.781851
5770,1,11/17/15,18:53:04,3.670633,-13.526997,-0.330519,-0.649662,-0.084111,0.939866
5771,1,11/17/15,18:53:04,5.509332,-13.665192,-1.314192,-0.869801,-0.053899,0.955406
5772,1,11/17/15,18:53:04,6.117406,-14.621978,-1.323816,-1.004111,-0.021074,0.778722
5773,1,11/17/15,18:53:04,3.608494,-16.180731,-0.850854,-0.960858,0.005837,0.45897
5774,1,11/17/15,18:53:04,1.390552,-17.145412,-0.883092,-0.725664,0.140544,0.376609
5775,1,11/17/15,18:53:04,1.068752,-17.019305,-1.352024,-0.454949,0.291681,0.222425
5776,1,11/17/15,18:53:04,0.657797,-16.257112,-1.915239,-0.250238,0.330827,-0.19399
5777,1,11/17/15,18:53:04,0.261935,-13.608688,-2.023184,-0.129445,0.160881,-0.978723
5778,1,11/17/15,18:53:04,0.823093,-10.582386,-2.571056,0.006031,-0.029,-1.672631
5779,1,11/17/15,18:53:04,1.35662,-8.169658,-2.148852,0.130644,-0.101123,-2.003851
5780,1,11/17/15,18:53:04,2.049528,-5.622451,-0.068122,0.305057,-0.098017,-1.863795
5781,1,11/17/15,18:53:04,1.09642,-5.393212,2.829169,0.41522,0.222396,-1.10527
5782,1,11/17/15,18:53:04,1.988802,-5.595441,2.573286,0.520575,0.457803,-0.19559
5783,1,11/17/15,18:53:04,5.143958,-3.600752,-0.30487,0.691717,0.230801,0.031568
5784,1,11/17/15,18:53:04,7.384543,1.005829,-1.279151,0.831594,-0.309353,-0.695295
5785,1,11/17/15,18:53:04,7.650225,10.651545,3.810921,1.029938,-0.683757,-1.298888
5786,1,11/17/15,18:53:04,1.126917,14.318613,10.585695,1.625985,-0.673857,-1.096845
5787,1,11/17/15,18:53:04,-4.901474,14.147009,0.870782,2.241605,-0.691076,-0.770812
5788,1,11/17/15,18:53:04,-13.263169,25.90318,-9.880879,1.985969,-0.400041,-2.461205
5789,1,11/17/15,18:53:04,-21.083097,20.683486,-16.342676,0.790706,-0.150916,-2.715134
5790,1,11/17/15,18:53:04,-11.89398,10.285531,-15.22992,0.244688,0.165668,1.738327
5791,1,11/17/15,18:53:04,-0.82492,14.884856,-10.347066,0.275742,0.26964,3.529206
5792,1,11/17/15,18:53:04,-13.916314,16.68122,-5.683189,-0.255019,-0.022099,-0.441545
5793,1,11/17/15,18:53:04,-11.819738,15.308599,-5.613157,-0.061145,0.52127,0.422324
5794,1,11/17/15,18:53:04,-10.567111,14.078153,-5.886744,-0.144286,0.739001,1.291663
5795,1,11/17/15,18:53:04,-11.667247,12.313335,-3.262502,-0.730868,0.473794,0.844761
5796,1,11/17/15,18:53:04,-9.412115,8.418098,-0.631044,-0.981543,0.55656,1.253972
5797,1,11/17/15,18:53:04,-7.575763,6.618137,0.364856,-1.129251,0.600015,1.379775
5798,1,11/17/15,18:53:04,-8.318997,5.487949,-0.073367,-1.470589,0.330199,0.647045
5799,1,11/17/15,18:53:04,-6.959053,1.358044,-1.066053,-1.657746,0.420159,0.666746
5800,1,11/17/15,18:53:04,-4.364789,-1.857906,-1.673835,-1.705095,0.688461,1.112079
5801,1,11/17/15,18:53:04,-2.804516,-4.309336,-2.061202,-1.770804,0.757453,0.930904
5802,1,11/17/15,18:53:04,-1.646148,-6.70125,-2.597105,-1.832613,0.844491,0.622853
5803,1,11/17/15,18:53:04,0.42557,-8.782439,-1.908804,-1.755515,0.945078,0.76378
5804,1,11/17/15,18:53:04,2.160144,-10.352136,-0.966415,-1.509809,0.912953,0.852431
5805,1,11/17/15,18:53:04,3.154779,-11.298929,0.299625,-1.202326,0.745146,0.753939
5806,1,11/17/15,18:53:04,3.112043,-11.692495,2.308887,-0.919242,0.472535,0.602699
5807,1,11/17/15,18:53:04,2.512579,-12.202265,4.24728,-0.607649,0.332941,0.564385
5808,1,11/17/15,18:53:04,2.308802,-12.844548,5.684621,-0.118471,0.443737,0.996862
5809,1,11/17/15,18:53:04,3.555237,-13.03757,6.243857,0.460068,0.621645,1.568677
5810,1,11/17/15,18:53:04,5.432931,-13.602723,6.013732,0.856904,0.773048,1.892535
5811,1,11/17/15,18:53:04,6.843065,-14.716055,4.354752,0.991906,0.833846,2.000669
5812,1,11/17/15,18:53:04,5.080811,-16.60325,3.050374,0.83133,0.503114,1.299283
5813,1,11/17/15,18:53:04,2.270279,-16.725608,2.203097,0.608633,0.080275,0.30126
5814,1,11/17/15,18:53:04,1.972614,-14.81262,0.331365,0.366195,-0.275818,-0.742723
5815,1,11/17/15,18:53:05,0.86623,-12.096657,-0.363634,0.104732,-0.55414,-1.899328
5816,1,11/17/15,18:53:05,0.338721,-9.175292,-1.134972,0.009606,-0.701702,-2.466849
5817,1,11/17/15,18:53:05,0.627985,-7.289336,-1.537909,-0.03803,-0.633381,-2.203631
5818,1,11/17/15,18:53:05,0.535707,-6.820127,-1.065425,-0.123442,-0.518957,-1.647249
5819,1,11/17/15,18:53:05,0.584794,-7.265746,-0.832862,-0.139781,-0.4895,-0.990974
5820,1,11/17/15,18:53:05,2.601742,-5.580031,-0.419542,-0.247661,-0.435181,-0.712129
5821,1,11/17/15,18:53:05,6.669208,-0.722679,-0.586471,-0.603355,-0.39129,-1.247443
5822,1,11/17/15,18:53:05,10.812034,9.107284,-5.849224,-1.078536,-0.418238,-2.271366
5823,1,11/17/15,18:53:05,0.322053,18.788647,-21.371528,-1.437075,-0.451436,-2.108491
5824,1,11/17/15,18:53:05,-9.144511,6.732848,-22.719069,-1.964448,-0.418595,0.002421
5825,1,11/17/15,18:53:05,-4.379516,-4.574724,1.706869,-1.980414,0.388945,1.794975
5826,1,11/17/15,18:53:05,-3.830009,13.174105,9.067852,-0.609363,-1.354141,-0.813395
5827,1,11/17/15,18:53:05,-16.340588,32.619758,6.842266,-0.439458,-2.233036,-4.737983
5828,1,11/17/15,18:53:05,-20.638518,23.242359,1.322568,0.342518,-0.601031,-1.523125
5829,1,11/17/15,18:53:05,-6.109144,16.451833,-7.907855,0.548109,0.239218,2.348174
5830,1,11/17/15,18:53:05,-7.557393,13.098366,-9.216473,-0.03221,-0.250811,1.491916
5831,1,11/17/15,18:53:05,-14.21191,16.266283,-7.19992,-0.321621,-0.780997,-0.346899
5832,1,11/17/15,18:53:05,-12.852419,14.140955,-5.728486,0.28604,-0.21583,0.27147
5833,1,11/17/15,18:53:05,-8.392662,10.300535,-5.945664,0.878508,0.397532,1.32827
5834,1,11/17/15,18:53:05,-11.65477,10.899369,-5.025849,0.9275,0.138267,0.203901
5835,1,11/17/15,18:53:05,-9.774312,8.543833,-3.299107,1.063812,0.295494,0.406959
5836,1,11/17/15,18:53:05,-8.135782,7.123955,-1.366491,1.211317,0.429591,0.578256
5837,1,11/17/15,18:53:05,-6.884908,4.395537,-0.035831,1.179981,0.28302,0.21155
5838,1,11/17/15,18:53:05,-5.900501,2.595688,0.77249,1.098971,-0.008171,-0.03588
5839,1,11/17/15,18:53:05,-4.675713,-0.58003,2.546991,1.024494,-0.373521,-0.172623
5840,1,11/17/15,18:53:05,-2.349856,-3.035928,3.214161,1.041956,-0.575338,-0.051695
5841,1,11/17/15,18:53:05,-0.625025,-4.983057,3.519513,0.960766,-0.77292,-0.042513
5842,1,11/17/15,18:53:05,0.103492,-6.810313,3.467333,0.809157,-0.925802,-0.085979
5843,1,11/17/15,18:53:05,2.098092,-9.089422,2.406265,0.740388,-0.880425,0.353483
5844,1,11/17/15,18:53:05,3.601353,-10.588304,0.918297,0.625675,-0.669355,0.66704
5845,1,11/17/15,18:53:05,3.580568,-11.476676,-0.211688,0.40532,-0.617049,0.216128
5846,1,11/17/15,18:53:05,2.536444,-12.011634,-1.361553,0.162287,-0.639101,-0.286845
5847,1,11/17/15,18:53:05,1.257424,-11.987499,-3.054648,-0.080608,-0.449722,-0.290214
5848,1,11/17/15,18:53:05,0.886124,-12.30105,-3.658693,-0.376274,-0.208971,0.12344
5849,1,11/17/15,18:53:05,2.384803,-12.787451,-4.133518,-0.611973,-0.063571,0.728092
5850,1,11/17/15,18:53:05,4.748852,-13.478991,-3.600388,-0.761427,-0.084296,0.989077
5851,1,11/17/15,18:53:05,4.337498,-14.364496,-1.895474,-0.811981,-0.31185,0.682914
5852,1,11/17/15,18:53:05,1.404769,-15.36339,-0.221682,-0.815358,-0.566347,0.216532
5853,1,11/17/15,18:53:05,0.772923,-15.060672,1.172969,-0.727396,-0.542781,0.140463
5854,1,11/17/15,18:53:05,1.196723,-13.875969,1.134996,-0.629834,-0.439971,0.021544
5855,1,11/17/15,18:53:05,1.960926,-11.375482,0.266285,-0.438326,-0.582085,-0.687899
5856,1,11/17/15,18:53:05,2.758094,-8.840761,0.125704,-0.171848,-0.679949,-1.332185
5857,1,11/17/15,18:53:05,2.175692,-7.472012,0.639965,0.173287,-0.632806,-1.513544
5858,1,11/17/15,18:53:05,0.658475,-7.775015,0.873902,0.451796,-0.306134,-1.078822
5859,1,11/17/15,18:53:05,0.643427,-8.74483,0.30957,0.555814,0.082739,-0.449689
5860,1,11/17/15,18:53:05,1.865908,-8.253723,-1.766111,0.475768,0.320944,-0.175623
5861,1,11/17/15,18:53:05,4.081066,-4.994912,-5.259709,0.454385,0.237717,-0.499642
5862,1,11/17/15,18:53:05,5.672613,0.336188,-7.919143,0.606327,-0.043005,-1.169435
5863,1,11/17/15,18:53:05,7.922582,10.484945,-7.233786,1.001897,-0.174883,-1.097226
5864,1,11/17/15,18:53:05,1.693328,18.078405,10.357479,1.763761,0.178602,-0.33763
5865,1,11/17/15,18:53:05,-4.539597,15.404202,6.35715,2.694452,0.409555,-1.38686
5866,1,11/17/15,18:53:05,-9.977102,14.778227,-1.278795,2.522983,1.164991,-0.807319
5867,1,11/17/15,18:53:05,-15.572066,21.651891,-5.98658,1.448058,0.973188,-2.045707
5868,1,11/17/15,18:53:05,-16.416967,23.825051,-13.366863,0.636674,0.633677,-0.821169
5869,1,11/17/15,18:53:05,-10.627221,16.289952,-10.093911,-0.066168,0.25437,0.677239
5870,1,11/17/15,18:53:05,-8.268651,17.441707,-3.518882,-0.22069,0.209176,1.034443
5871,1,11/17/15,18:53:05,-8.883053,14.525745,-0.156285,-0.215991,0.302103,0.475806
5872,1,11/17/15,18:53:05,-6.085958,10.49424,-0.786578,-0.065484,0.479319,0.69691
5873,1,11/17/15,18:53:05,-14.88918,17.89346,-2.238474,0.083102,0.684619,0.241143
5874,1,11/17/15,18:53:05,-14.983239,13.678692,-0.552341,-0.436206,0.108122,-0.111849
5875,1,11/17/15,18:53:05,-10.802925,10.179843,1.104626,-0.536378,-0.1329,1.232203
5876,1,11/17/15,18:53:05,-8.582599,7.395369,1.18908,-0.555614,-0.306438,1.383549
5877,1,11/17/15,18:53:05,-8.292623,6.107472,-0.400281,-0.686147,-0.377114,1.290992
5878,1,11/17/15,18:53:05,-8.025033,3.759366,-1.576657,-0.908929,-0.573328,0.941348
5879,1,11/17/15,18:53:05,-5.763063,0.026407,-2.456143,-0.946493,-0.446189,1.135568
5880,1,11/17/15,18:53:05,-4.349694,-2.428398,-2.522601,-1.058722,-0.29902,0.905409
5881,1,11/17/15,18:53:05,-3.500643,-4.857728,-2.506786,-1.271469,-0.290255,0.270098
5882,1,11/17/15,18:53:05,-2.235133,-6.982787,-2.532444,-1.298233,-0.165395,0.320114
5883,1,11/17/15,18:53:05,-0.948782,-8.582049,-2.458327,-1.300494,-0.04834,0.360355
5884,1,11/17/15,18:53:05,0.404848,-9.814341,-1.50056,-1.244515,-0.058474,0.298261
5885,1,11/17/15,18:53:05,1.813756,-10.875856,0.116769,-1.07789,-0.158894,0.425016
5886,1,11/17/15,18:53:05,2.848497,-11.631027,1.565288,-0.8134,-0.333353,0.600903
5887,1,11/17/15,18:53:05,2.592307,-12.050715,3.028515,-0.492542,-0.487025,0.570277
5888,1,11/17/15,18:53:05,2.41247,-12.289764,3.943322,-0.109317,-0.577771,0.572154
5889,1,11/17/15,18:53:05,2.843469,-12.776615,4.016758,0.469176,-0.509471,0.97621
5890,1,11/17/15,18:53:05,3.584128,-13.421381,4.108422,1.047793,-0.363595,1.369427
5891,1,11/17/15,18:53:05,3.807847,-14.287408,3.966234,1.447541,-0.1792,1.52257
5892,1,11/17/15,18:53:05,3.895198,-14.02701,3.330937,1.735736,-0.226598,1.446125
5893,1,11/17/15,18:53:05,3.417383,-14.050993,2.605992,1.723725,-0.458945,0.777246
5894,1,11/17/15,18:53:05,2.674206,-13.173699,1.900644,1.586401,-0.696076,0.207969
5895,1,11/17/15,18:53:05,1.986639,-11.796281,1.120086,1.357981,-0.964686,-0.530447
5896,1,11/17/15,18:53:05,1.475877,-9.904037,0.241341,1.110471,-1.15955,-1.13031
5897,1,11/17/15,18:53:05,1.849404,-8.599848,-0.319553,0.836673,-1.227309,-1.396836
5898,1,11/17/15,18:53:05,1.300562,-7.747826,-1.230238,0.615774,-1.227323,-1.433799
5899,1,11/17/15,18:53:05,1.062228,-7.701142,-1.526078,0.483231,-1.212234,-1.307495
5900,1,11/17/15,18:53:05,0.861887,-8.328069,-1.525013,0.48423,-1.187081,-1.000656
5901,1,11/17/15,18:53:05,0.720986,-9.408796,-1.125796,0.516508,-1.166313,-0.761148
5902,1,11/17/15,18:53:05,0.365206,-9.964558,-1.079274,0.529301,-1.203356,-0.829008
5903,1,11/17/15,18:53:05,0.20634,-9.773825,-0.963832,0.430944,-1.220818,-1.049238
5904,1,11/17/15,18:53:05,0.014955,-8.850601,-1.409601,0.289915,-1.242746,-1.186604
5905,1,11/17/15,18:53:05,2.155131,-6.202541,-2.918932,0.083767,-1.188485,-1.295781
5906,1,11/17/15,18:53:05,10.083153,0.719475,-3.746132,-0.318984,-0.991067,-1.622755
5907,1,11/17/15,18:53:05,16.35196,9.952442,-5.832285,-1.699642,0.003386,-3.179084
5908,1,11/17/15,18:53:05,13.461271,37.721507,-34.850503,-2.825818,-0.122693,-4.473105
5909,1,11/17/15,18:53:05,-14.399516,18.456373,-39.804927,-4.309605,-0.598474,-1.297432
5910,1,11/17/15,18:53:05,-18.128144,14.80522,-12.538903,-5.355768,-0.39119,0.24339
5911,1,11/17/15,18:53:05,-4.732061,24.442221,16.622044,-4.003311,-0.342454,0.827239
5912,1,11/17/15,18:53:05,-6.644386,27.049882,13.390795,-1.148515,0.386719,-0.11355
5913,1,11/17/15,18:53:05,-7.547757,20.662389,9.343396,-0.048348,1.553537,-0.687383
5914,1,11/17/15,18:53:05,5.03478,15.192986,4.806028,0.375585,1.519536,2.284747
5915,1,11/17/15,18:53:05,-2.492778,10.840585,-4.660518,0.349141,1.035502,0.50928
5916,1,11/17/15,18:53:05,-1.849414,7.189951,-6.106807,-0.266863,0.520615,-0.00408
5917,1,11/17/15,18:53:05,-6.946125,10.717924,-6.861597,-0.508749,0.379683,-0.641175
5918,1,11/17/15,18:53:05,-8.646367,10.931754,-4.801554,-0.226008,0.913191,-0.297719
5919,1,11/17/15,18:53:05,-7.036057,10.220652,-1.570949,0.016958,1.308883,0.546926
5920,1,11/17/15,18:53:05,-7.556372,9.086559,1.135504,0.140434,1.410315,0.439462
5921,1,11/17/15,18:53:05,-5.562075,7.209486,0.700193,0.343863,1.52717,0.808404
5922,1,11/17/15,18:53:05,-5.255715,5.74151,0.835891,0.471124,1.516498,0.70776
5923,1,11/17/15,18:53:05,-4.029805,3.565415,0.060511,0.566807,1.465896,0.584834
5924,1,11/17/15,18:53:05,-4.36307,1.656399,-0.13962,0.648723,1.294017,0.291915
5925,1,11/17/15,18:53:05,-4.047411,0.808341,-0.470135,0.808818,1.215885,0.118452
5926,1,11/17/15,18:53:05,-4.519486,-0.646621,0.084218,0.946699,1.176872,-0.079007
5927,1,11/17/15,18:53:05,-4.540045,-1.885572,0.714521,1.028014,1.13756,-0.061616
5928,1,11/17/15,18:53:06,-4.186983,-3.257092,1.285721,0.987475,1.038381,-0.094698
5929,1,11/17/15,18:53:06,-3.876838,-5.324162,1.583267,0.813875,0.92825,-0.248865
5930,1,11/17/15,18:53:06,-3.555677,-7.257044,1.211632,0.601642,0.822225,-0.412466
5931,1,11/17/15,18:53:06,-3.915792,-7.924327,0.339505,0.359164,0.726065,-0.608776
5932,1,11/17/15,18:53:06,-3.794996,-8.251232,-0.459295,0.090426,0.630183,-0.696242
5933,1,11/17/15,18:53:06,-3.150346,-8.674344,-1.282301,-0.073367,0.692345,-0.332526
5934,1,11/17/15,18:53:06,-2.562277,-9.338435,-2.170777,-0.257958,0.760847,-0.238022
5935,1,11/17/15,18:53:06,-1.845441,-9.60527,-3.098262,-0.345564,0.858797,-0.097522
5936,1,11/17/15,18:53:06,-1.54565,-9.643699,-3.125971,-0.462672,0.940844,-0.180158
5937,1,11/17/15,18:53:06,-0.997543,-9.148264,-3.009439,-0.549583,1.0045,-0.336805
5938,1,11/17/15,18:53:06,-0.635821,-8.424474,-2.611062,-0.601791,1.046318,-0.543314
5939,1,11/17/15,18:53:06,-0.571255,-6.997193,-2.20408,-0.600535,1.122915,-0.737959
5940,1,11/17/15,18:53:06,-0.583521,-5.972167,-1.571678,-0.572633,1.219417,-0.804482
5941,1,11/17/15,18:53:06,-0.382393,-5.477114,-0.833524,-0.517517,1.305645,-0.686547
5942,1,11/17/15,18:53:06,-0.307337,-5.188803,0.076471,-0.479213,1.346184,-0.58588
5943,1,11/17/15,18:53:06,-0.089738,-4.707226,0.805942,-0.462166,1.344149,-0.484124
5944,1,11/17/15,18:53:06,-0.23303,-4.262265,1.400064,-0.464253,1.3197,-0.39482
5945,1,11/17/15,18:53:06,-0.109331,-3.469786,1.612176,-0.478885,1.258997,-0.36587
5946,1,11/17/15,18:53:06,0.689406,-1.833857,0.956183,-0.469655,1.126958,-0.396906
5947,1,11/17/15,18:53:06,1.278085,-0.094909,1.074338,-0.401186,0.903441,-0.373157
5948,1,11/17/15,18:53:06,1.875928,1.276889,1.802437,-0.29516,0.666503,-0.186528
5949,1,11/17/15,18:53:06,2.288004,3.563103,2.916249,-0.101122,0.406761,-0.041278
5950,1,11/17/15,18:53:06,1.841017,6.018814,4.194411,0.172762,0.140238,-0.083873
5951,1,11/17/15,18:53:06,1.013135,8.483052,5.187216,0.537473,-0.170559,-0.097451
5952,1,11/17/15,18:53:06,0.00296,9.142334,5.049161,0.822107,-0.334343,0.044828
5953,1,11/17/15,18:53:06,-1.22014,7.029092,2.594791,0.9593,-0.282404,0.339033
5954,1,11/17/15,18:53:06,-1.213491,4.882265,-1.003993,0.968708,-0.133244,0.538865
5955,1,11/17/15,18:53:06,-2.0704,3.485894,-4.550051,0.849167,-0.055902,0.300954
5956,1,11/17/15,18:53:06,-1.213386,1.95548,-6.664526,0.58096,0.03639,0.322502
5957,1,11/17/15,18:53:06,-1.799937,1.389457,-7.461575,0.249485,0.073839,0.106655
5958,1,11/17/15,18:53:06,-1.401997,0.532059,-6.873511,-0.046685,0.150759,0.022466
5959,1,11/17/15,18:53:06,-1.630675,0.553101,-5.267189,-0.243103,0.276111,0.019664
5960,1,11/17/15,18:53:06,-1.496898,0.259605,-3.448672,-0.348595,0.406284,0.00621
5961,1,11/17/15,18:53:06,-2.043174,0.560218,-1.537142,-0.35133,0.561976,0.013287
5962,1,11/17/15,18:53:06,-2.260277,0.22593,0.312072,-0.322514,0.640693,0.040383
5963,1,11/17/15,18:53:06,-2.112352,-0.214102,1.756454,-0.267367,0.700675,0.14469
5964,1,11/17/15,18:53:06,-2.263734,-0.229351,2.809283,-0.230058,0.66606,0.12559
5965,1,11/17/15,18:53:06,-2.408177,0.17063,3.144875,-0.222086,0.592537,0.101373
5966,1,11/17/15,18:53:06,-2.921293,0.589372,2.471725,-0.241379,0.560231,0.099111
5967,1,11/17/15,18:53:06,-2.719509,0.470629,1.456192,-0.280977,0.563577,0.137984
5968,1,11/17/15,18:53:06,-2.257772,-0.139485,0.329623,-0.321356,0.596626,0.213003
5969,1,11/17/15,18:53:06,-1.90343,-0.604436,-0.457572,-0.360633,0.634489,0.181128
5970,1,11/17/15,18:53:06,-1.478632,-1.034313,-0.697768,-0.396952,0.663202,0.176952
5971,1,11/17/15,18:53:06,-1.046279,-1.350818,-0.542839,-0.429012,0.649101,0.139532
5972,1,11/17/15,18:53:06,-0.905004,-1.333328,0.021583,-0.431321,0.619028,0.088795
5973,1,11/17/15,18:53:06,-0.897695,-0.968139,0.601331,-0.389379,0.581252,0.032558
5974,1,11/17/15,18:53:06,-0.934968,-0.714199,1.201251,-0.313217,0.554599,0.027805
5975,1,11/17/15,18:53:06,-0.869502,-0.602673,1.502325,-0.233883,0.535382,0.045811
5976,1,11/17/15,18:53:06,-0.862327,-0.744967,1.57859,-0.180698,0.507725,0.064726
5977,1,11/17/15,18:53:06,-0.81316,-0.890387,1.367103,-0.153996,0.466163,0.071543
5978,1,11/17/15,18:53:06,-1.037959,-0.857228,0.994398,-0.145933,0.393947,0.029495
5979,1,11/17/15,18:53:06,-1.197688,-0.857788,0.62683,-0.149088,0.311128,-0.004064
5980,1,11/17/15,18:53:06,-1.397096,-0.758535,0.341707,-0.152245,0.219644,-0.048933
5981,1,11/17/15,18:53:06,-1.526224,-0.65793,0.051746,-0.144017,0.143979,-0.084258
5982,1,11/17/15,18:53:06,-1.72116,-0.437699,-0.18655,-0.115464,0.0866,-0.11084
5983,1,11/17/15,18:53:06,-1.72392,-0.316376,-0.328586,-0.072292,0.058302,-0.101268
5984,1,11/17/15,18:53:06,-1.724582,-0.169536,-0.478109,-0.019508,0.052308,-0.092201
5985,1,11/17/15,18:53:06,-1.643854,-0.09586,-0.6884,0.03181,0.073728,-0.074289
5986,1,11/17/15,18:53:06,-1.578939,-0.033836,-0.860786,0.067789,0.111457,-0.052309
5987,1,11/17/15,18:53:06,-1.487146,0.109907,-1.009145,0.087445,0.157177,-0.042536
5988,1,11/17/15,18:53:06,-1.268974,0.219761,-1.115864,0.090663,0.222784,-0.030044
5989,1,11/17/15,18:53:06,-1.225003,0.26178,-1.240644,0.083766,0.298828,-0.031381
5990,1,11/17/15,18:53:06,-1.338083,0.293012,-1.292262,0.060696,0.358095,-0.060711
5991,1,11/17/15,18:53:06,-1.404163,0.173472,-1.384328,0.033245,0.403464,-0.076544
5992,1,11/17/15,18:53:06,-1.485912,0.038162,-1.391475,0.000818,0.428194,-0.103813
5993,1,11/17/15,18:53:06,-1.393532,0.008634,-1.118768,-0.031506,0.436537,-0.142214
5994,1,11/17/15,18:53:06,-1.179473,-0.110655,-0.756421,-0.054746,0.447671,-0.173123
5995,1,11/17/15,18:53:06,-1.099391,-0.429733,-0.380207,-0.03979,0.462198,-0.132927
5996,1,11/17/15,18:53:06,-0.975198,-0.506242,-0.205111,-0.00369,0.445509,-0.077734
5997,1,11/17/15,18:53:06,-1.017622,-0.526023,-0.041767,0.018164,0.394871,-0.107225
5998,1,11/17/15,18:53:06,-1.073103,-0.517485,0.11706,0.042606,0.337922,-0.102938
5999,1,11/17/15,18:53:06,-1.10658,-0.278785,0.288726,0.051982,0.273566,-0.142454
6000,1,11/17/15,18:53:06,-1.164811,-0.396875,0.438925,0.061266,0.213355,-0.125591
6001,1,11/17/15,18:53:06,-1.160241,-0.011571,0.443854,0.067642,0.132145,-0.131986
6002,1,11/17/15,18:53:06,-1.177487,0.146105,0.356075,0.04911,0.070711,-0.155413
6003,1,11/17/15,18:53:06,-1.225106,0.157222,0.28354,0.033831,0.025527,-0.130102
6004,1,11/17/15,18:53:06,-1.208351,0.190031,0.014424,0.01758,-0.02072,-0.142273
6005,1,11/17/15,18:53:06,-1.171998,0.189599,-0.293161,0.000202,-0.058299,-0.149958
6006,1,11/17/15,18:53:06,-1.167839,0.187487,-0.590407,-0.021086,-0.084719,-0.151555
6007,1,11/17/15,18:53:06,-1.152994,0.109254,-0.89462,-0.040805,-0.102558,-0.161051
6008,1,11/17/15,18:53:06,-1.134361,0.06074,-1.02,-0.058017,-0.105908,-0.167542
6009,1,11/17/15,18:53:06,-1.111733,-0.044368,-1.042698,-0.060334,-0.095533,-0.160121
6010,1,11/17/15,18:53:06,-1.07204,-0.097631,-1.003026,-0.059341,-0.081732,-0.149624
6011,1,11/17/15,18:53:06,-0.990157,-0.111768,-0.975859,-0.053111,-0.061689,-0.14747
6012,1,11/17/15,18:53:06,-1.021518,-0.128207,-0.915338,-0.043614,-0.040731,-0.144963
6013,1,11/17/15,18:53:06,-0.958162,-0.124332,-0.867684,-0.033307,-0.023904,-0.138561
6014,1,11/17/15,18:53:06,-0.963661,-0.116616,-0.771055,-0.022518,-0.009468,-0.134906
6015,1,11/17/15,18:53:06,-0.926116,-0.035605,-0.742213,-0.012715,0.002336,-0.131127
6016,1,11/17/15,18:53:06,-0.92842,-0.002634,-0.658841,-0.02258,0.020774,-0.174588
6017,1,11/17/15,18:53:06,-0.952437,-0.397451,-0.626519,0.010879,0.046246,-0.062265
6018,1,11/17/15,18:53:06,-0.844722,0.046725,-0.649607,0.023558,0.021822,-0.128617
6019,1,11/17/15,18:53:06,-0.856316,-0.017002,-0.606755,0.027776,0.023345,-0.119951
6020,1,11/17/15,18:53:06,-0.87501,0.024245,-0.574168,0.035278,0.023297,-0.109203
6021,1,11/17/15,18:53:06,-0.86817,0.065665,-0.547809,0.037544,0.014185,-0.108585
6022,1,11/17/15,18:53:06,-0.850353,0.09226,-0.520181,0.033278,0.003977,-0.108276
6023,1,11/17/15,18:53:06,-0.809747,0.052422,-0.506818,0.024822,-0.009118,-0.103909
6024,1,11/17/15,18:53:06,-0.830805,0.087748,-0.468754,0.015154,-0.020255,-0.102292
6025,1,11/17/15,18:53:06,-0.80956,0.297323,-0.515099,0.010716,-0.031311,-0.096221
6026,1,11/17/15,18:53:06,-0.867594,0.1252,-0.43302,-0.009536,-0.035699,-0.115925
6027,1,11/17/15,18:53:06,-0.817084,-0.159343,-0.484472,0.010388,-0.035711,-0.026683
6028,1,11/17/15,18:53:06,-0.80734,0.067292,-0.554329,0.00969,-0.067435,-0.085801
6029,1,11/17/15,18:53:06,-0.837739,-0.021282,-0.562501,0.007501,-0.072636,-0.062697
6030,1,11/17/15,18:53:06,-0.818569,-0.013381,-0.627766,0.01251,-0.082778,-0.050206
6031,1,11/17/15,18:53:06,-0.835081,-0.025382,-0.657607,0.012868,-0.093712,-0.043725
6032,1,11/17/15,18:53:06,-0.809285,-0.008179,-0.637545,0.017626,-0.108742,-0.044142
6033,1,11/17/15,18:53:07,-0.80627,0.023181,-0.620832,0.020579,-0.121531,-0.047923
6034,1,11/17/15,18:53:07,-0.781491,0.052468,-0.653943,0.028492,-0.129875,-0.044948
6035,1,11/17/15,18:53:07,-0.79944,0.047432,-0.738432,0.039624,-0.131296,-0.037481
6036,1,11/17/15,18:53:07,-0.765349,0.036834,-0.735507,0.043777,-0.132495,-0.034556
6037,1,11/17/15,18:53:07,-0.785952,0.077405,-0.741225,0.047852,-0.128911,-0.035557
6038,1,11/17/15,18:53:07,-0.785467,0.077687,-0.789151,0.050306,-0.121605,-0.03125
6039,1,11/17/15,18:53:07,-0.762449,0.253787,-0.759997,0.037801,-0.110085,-0.054189
6040,1,11/17/15,18:53:07,-0.891023,-0.322524,-0.719557,0.038419,-0.082259,-0.000797
6041,1,11/17/15,18:53:07,-0.75185,0.01297,-0.728976,0.050076,-0.096217,-0.012837
6042,1,11/17/15,18:53:07,-0.787319,-0.067625,-0.736888,0.041313,-0.086385,-0.036984
6043,1,11/17/15,18:53:07,-0.740309,-0.065689,-0.724534,0.04141,-0.074509,-0.017389
6044,1,11/17/15,18:53:07,-0.741844,-0.021832,-0.669106,0.040224,-0.069696,-0.033072
6045,1,11/17/15,18:53:07,-0.758241,-0.022102,-0.605438,0.040666,-0.063109,-0.029581
6046,1,11/17/15,18:53:07,-0.756561,-0.04658,-0.579568,0.040492,-0.056226,-0.026692
6047,1,11/17/15,18:53:07,-0.744082,-0.070951,-0.573833,0.038717,-0.051076,-0.030108
6048,1,11/17/15,18:53:07,-0.746002,-0.046852,-0.562561,0.033962,-0.049098,-0.040073
6049,1,11/17/15,18:53:07,-0.766317,-0.044748,-0.485383,0.026837,-0.053223,-0.042003
6050,1,11/17/15,18:53:07,-0.810256,-0.077072,-0.420731,0.016829,-0.054431,-0.046233
6051,1,11/17/15,18:53:07,-0.859723,-0.149469,-0.397298,0.003074,-0.054991,-0.057297
6052,1,11/17/15,18:53:07,-0.916624,-0.162823,-0.441079,-0.012473,-0.053181,-0.074448
6053,1,11/17/15,18:53:07,-0.936681,-0.147605,-0.514604,-0.028616,-0.048165,-0.09228
6054,1,11/17/15,18:53:07,-1.010169,-0.104738,-0.563604,-0.041176,-0.038818,-0.098761
6055,1,11/17/15,18:53:07,-0.961704,-0.028103,-0.553429,-0.049359,-0.024889,-0.101203
6056,1,11/17/15,18:53:07,-1.022836,-0.003987,-0.539985,-0.049032,-0.016738,-0.098493
6057,1,11/17/15,18:53:07,-1.026833,0.030966,-0.458323,-0.046139,-0.010781,-0.097541
6058,1,11/17/15,18:53:07,-1.027911,0.07259,-0.371845,-0.041514,-0.005887,-0.100266
6059,1,11/17/15,18:53:07,-1.020417,0.108786,-0.317436,-0.034782,-0.002782,-0.099816
6060,1,11/17/15,18:53:07,-1.024851,0.15789,-0.331921,-0.026613,0.002077,-0.09751
6061,1,11/17/15,18:53:07,-1.010157,0.169691,-0.349913,-0.020573,0.007921,-0.088719
6062,1,11/17/15,18:53:07,-0.972828,0.168771,-0.375497,-0.015776,0.01149,-0.078875
6063,1,11/17/15,18:53:07,-0.94856,0.168707,-0.421769,-0.013305,0.014471,-0.075043
6064,1,11/17/15,18:53:07,-0.900136,0.137714,-0.444595,-0.011279,0.017525,-0.067873
6065,1,11/17/15,18:53:07,-0.845935,0.102594,-0.456993,-0.011409,0.019989,-0.061691
6066,1,11/17/15,18:53:07,-0.806575,0.065505,-0.40961,-0.009107,0.024218,-0.057005
6067,1,11/17/15,18:53:07,-0.748073,0.042987,-0.388196,-0.00959,0.024285,-0.056445
6068,1,11/17/15,18:53:07,-0.71087,0.024038,-0.380359,-0.008007,0.02544,-0.055003
6069,1,11/17/15,18:53:07,-0.683206,0.008393,-0.3738,-0.008327,0.024556,-0.053689
6070,1,11/17/15,18:53:07,-0.667128,-0.000032,-0.371025,-0.009276,0.02513,-0.047666
6071,1,11/17/15,18:53:07,-0.662608,0.022995,-0.386677,-0.0089,0.024399,-0.04081
6072,1,11/17/15,18:53:07,-0.634925,0.047118,-0.391494,-0.012216,0.022447,-0.03426
6073,1,11/17/15,18:53:07,-0.624144,0.052454,-0.379297,-0.015964,0.023022,-0.028797
6074,1,11/17/15,18:53:07,-0.638854,0.021451,-0.380105,-0.020458,0.020544,-0.026598
6075,1,11/17/15,18:53:07,-0.630386,0.034275,-0.378052,-0.024827,0.021018,-0.023905
6076,1,11/17/15,18:53:07,-0.63768,0.031872,-0.390652,-0.025747,0.024053,-0.022307
6077,1,11/17/15,18:53:07,-0.650632,0.035696,-0.415915,-0.026958,0.025763,-0.018757
6078,1,11/17/15,18:53:07,-0.648547,0.051314,-0.432267,-0.02881,0.030917,-0.019829
6079,1,11/17/15,18:53:07,-0.646527,0.035978,-0.406845,-0.029257,0.035007,-0.016215
6080,1,11/17/15,18:53:07,-0.650663,0.005286,-0.415828,-0.030254,0.042793,-0.013374
6081,1,11/17/15,18:53:07,-0.669689,0.015698,-0.393838,-0.03,0.051682,-0.019671
6082,1,11/17/15,18:53:07,-0.668347,0.039516,-0.382537,-0.02911,0.056894,-0.022417
6083,1,11/17/15,18:53:07,-0.672724,-0.012458,-0.37432,-0.024503,0.064833,-0.017367
6084,1,11/17/15,18:53:07,-0.67064,0.03435,-0.335394,-0.020809,0.066003,-0.019823
6085,1,11/17/15,18:53:07,-0.674669,0.06508,-0.310813,-0.017887,0.069561,-0.018322
6086,1,11/17/15,18:53:07,-0.665626,0.056273,-0.295322,-0.015266,0.07256,-0.011134
6087,1,11/17/15,18:53:07,-0.663296,0.06758,-0.272832,-0.013585,0.072687,-0.011696
6088,1,11/17/15,18:53:07,-0.693434,0.102843,-0.232201,-0.011126,0.071409,-0.011421
6089,1,11/17/15,18:53:07,-0.681813,0.112069,-0.215926,-0.006449,0.0711,-0.005223
6090,1,11/17/15,18:53:07,-0.677505,0.106523,-0.204596,-0.002874,0.067081,0.002867
6091,1,11/17/15,18:53:07,-0.666073,0.094315,-0.207294,0.000394,0.063848,0.004104
6092,1,11/17/15,18:53:07,-0.648866,0.054423,-0.216375,0.000266,0.061238,0.005212
6093,1,11/17/15,18:53:07,-0.609542,0.031227,-0.218225,-0.001093,0.059544,0.006137
6094,1,11/17/15,18:53:07,-0.583288,0.003624,-0.198616,-0.003547,0.05727,0.004943
6095,1,11/17/15,18:53:07,-0.56636,0.002526,-0.198433,-0.002605,0.055132,0.007623
6096,1,11/17/15,18:53:07,-0.53853,0.01196,-0.203397,-0.00193,0.051132,0.01235
6097,1,11/17/15,18:53:07,-0.526797,0.020322,-0.178656,0.000289,0.047103,0.013184
6098,1,11/17/15,18:53:07,-0.51626,0.027054,-0.185193,0.000951,0.041895,0.012032
6099,1,11/17/15,18:53:07,-0.530589,0.020629,-0.191482,-0.000042,0.040568,0.008972
6100,1,11/17/15,18:53:07,-0.525184,0.025552,-0.214481,-0.000673,0.036267,0.004849
6101,1,11/17/15,18:53:07,-0.521279,0.018995,-0.232386,-0.003215,0.035187,0.006748
6102,1,11/17/15,18:53:07,-0.534991,0.028323,-0.234685,-0.005293,0.034165,0.00585
6103,1,11/17/15,18:53:07,-0.526993,0.031314,-0.233423,-0.006145,0.032657,0.007276
6104,1,11/17/15,18:53:07,-0.49731,0.034664,-0.232231,-0.007,0.030498,0.005494
6105,1,11/17/15,18:53:07,-0.501331,0.021453,-0.21804,-0.009354,0.031387,0.003093
6106,1,11/17/15,18:53:07,-0.493417,0.028796,-0.231104,-0.007038,0.029951,0.000055
6107,1,11/17/15,18:53:07,-0.501649,0.024514,-0.24316,-0.007973,0.032961,-0.001106
6108,1,11/17/15,18:53:07,-0.485054,0.031847,-0.262308,-0.00728,0.036823,0.000902
6109,1,11/17/15,18:53:07,-0.494553,0.015234,-0.248826,-0.006587,0.04079,0.00345
6110,1,11/17/15,18:53:07,-0.489234,0.022576,-0.259901,-0.004328,0.044731,0.00211
6111,1,11/17/15,18:53:07,-0.493108,0.039788,-0.24102,-0.003019,0.047799,0.002617
6112,1,11/17/15,18:53:07,-0.474821,0.0649,-0.258672,-0.003805,0.050179,0.003817
6113,1,11/17/15,18:53:07,-0.466627,0.060394,-0.245035,-0.001949,0.052988,0.002712
6114,1,11/17/15,18:53:07,-0.467866,0.055178,-0.253537,-0.002451,0.056591,-0.001334
6115,1,11/17/15,18:53:07,-0.477637,0.050262,-0.255824,-0.005927,0.057685,-0.004882
6116,1,11/17/15,18:53:07,-0.470542,0.063514,-0.226493,-0.006698,0.06007,-0.003674
6117,1,11/17/15,18:53:07,-0.458931,0.052239,-0.201074,-0.007079,0.060123,0.002441
6118,1,11/17/15,18:53:07,-0.474892,0.049065,-0.178825,-0.005836,0.059726,0.005313
6119,1,11/17/15,18:53:07,-0.46994,0.051681,-0.189771,-0.005457,0.061065,0.003388
6120,1,11/17/15,18:53:07,-0.46417,0.035874,-0.194619,-0.003922,0.061788,0.000474
6121,1,11/17/15,18:53:07,-0.45434,0.016345,-0.184789,-0.004304,0.060025,-0.002505
6122,1,11/17/15,18:53:07,-0.46421,0.025259,-0.178996,-0.00494,0.060921,-0.003223
6123,1,11/17/15,18:53:07,-0.457597,0.033715,-0.162386,-0.001819,0.058793,0.001101
6124,1,11/17/15,18:53:07,-0.439746,0.039606,-0.164354,-0.002357,0.054738,0.003584
6125,1,11/17/15,18:53:07,-0.424317,0.053516,-0.162872,-0.001006,0.052949,0.005061
6126,1,11/17/15,18:53:07,-0.420039,0.057027,-0.168792,0.000896,0.05122,0.006527
6127,1,11/17/15,18:53:07,-0.390416,0.074233,-0.157887,0.00165,0.049579,0.006306
6128,1,11/17/15,18:53:07,-0.383114,0.071647,-0.172652,0.002101,0.046386,0.009727
6129,1,11/17/15,18:53:07,-0.383342,0.049558,-0.156126,0.001827,0.044301,0.010705
6130,1,11/17/15,18:53:07,-0.359766,0.031314,-0.172821,-0.000933,0.043998,0.007993
6131,1,11/17/15,18:53:07,-0.354903,0.045763,-0.174169,-0.003021,0.0428,0.006012
6132,1,11/17/15,18:53:07,-0.336716,0.026273,-0.181027,-0.00288,0.041631,0.005693
6133,1,11/17/15,18:53:07,-0.324859,0.003438,-0.200683,-0.002931,0.04153,0.002388
6134,1,11/17/15,18:53:07,-0.335162,0.007672,-0.206728,-0.003576,0.042008,-0.000476
6135,1,11/17/15,18:53:07,-0.341761,0.001358,-0.181263,-0.006451,0.042675,-0.003932
6136,1,11/17/15,18:53:07,-0.331236,0.012548,-0.165002,-0.005227,0.041419,-0.005347
6137,1,11/17/15,18:53:07,-0.316269,0.017735,-0.170268,-0.007562,0.042569,-0.006682
6138,1,11/17/15,18:53:08,-0.320809,0.026208,-0.158653,-0.007837,0.039968,-0.00839
6139,1,11/17/15,18:53:08,-0.339107,0.015319,-0.138054,-0.007397,0.041305,-0.007535
6140,1,11/17/15,18:53:08,-0.334714,0.026191,-0.120326,-0.006231,0.040475,-0.009594
6141,1,11/17/15,18:53:08,-0.327866,0.046934,-0.115678,-0.003561,0.04078,-0.012426
6142,1,11/17/15,18:53:08,-0.327891,0.055972,-0.11636,-0.001673,0.039353,-0.009364
6143,1,11/17/15,18:53:08,-0.335351,0.052977,-0.11194,0.000089,0.039406,-0.004367
6144,1,11/17/15,18:53:08,-0.336744,0.054488,-0.113141,0.002143,0.035959,-0.003132
6145,1,11/17/15,18:53:08,-0.321263,0.058287,-0.124551,0.002817,0.034325,-0.006141
6146,1,11/17/15,18:53:08,-0.308897,0.060141,-0.118797,0.000783,0.03303,-0.005885
6147,1,11/17/15,18:53:08,-0.320927,0.069998,-0.121482,-0.000909,0.029066,-0.002328
6148,1,11/17/15,18:53:08,-0.312315,0.067368,-0.125195,-0.002468,0.028155,-0.00326
6149,1,11/17/15,18:53:08,-0.305791,0.079787,-0.150331,-0.004142,0.028832,-0.00172
6150,1,11/17/15,18:53:08,-0.287568,0.054072,-0.150969,-0.003532,0.028774,0.000519
6151,1,11/17/15,18:53:08,-0.280683,0.040055,-0.17429,-0.006463,0.030728,0.000697
6152,1,11/17/15,18:53:08,-0.272521,0.018017,-0.175652,-0.008365,0.033432,0.001288
6153,1,11/17/15,18:53:08,-0.256089,0.019961,-0.160297,-0.008044,0.036346,0.004616
6154,1,11/17/15,18:53:08,-0.266643,0.055003,-0.148167,-0.006521,0.037995,0.006525
6155,1,11/17/15,18:53:08,-0.24994,0.077694,-0.127821,-0.0042,0.042521,0.008427
6156,1,11/17/15,18:53:08,-0.243298,0.109307,-0.117448,0.00215,0.045822,0.013351
6157,1,11/17/15,18:53:08,-0.226507,0.110583,-0.118456,0.006005,0.046091,0.015529
6158,1,11/17/15,18:53:08,-0.229622,0.115828,-0.124789,0.006818,0.048964,0.015538
6159,1,11/17/15,18:53:08,-0.22902,0.098655,-0.098109,0.004165,0.048565,0.017843
6160,1,11/17/15,18:53:08,-0.241227,0.106672,-0.073721,0.004561,0.045556,0.022319
6161,1,11/17/15,18:53:08,-0.256746,0.104399,-0.049788,0.006586,0.042609,0.026226
6162,1,11/17/15,18:53:08,-0.220401,0.080032,-0.017344,0.007148,0.037589,0.028863
6163,1,11/17/15,18:53:08,-0.232687,0.057435,0.000121,0.009226,0.033286,0.028584
6164,1,11/17/15,18:53:08,-0.221399,0.037797,0.007255,0.008218,0.027463,0.030817
6165,1,11/17/15,18:53:08,-0.213285,0.013182,-0.009345,0.008355,0.021012,0.03206
6166,1,11/17/15,18:53:08,-0.190725,0.01477,-0.025677,0.009291,0.017027,0.031161
6167,1,11/17/15,18:53:08,-0.187311,0.014866,-0.039152,0.007742,0.010325,0.029118
6168,1,11/17/15,18:53:08,-0.204358,0.031118,-0.033911,0.007278,0.004249,0.02973
6169,1,11/17/15,18:53:08,-0.163028,0.054063,-0.012913,0.008986,-0.001915,0.028691
6170,1,11/17/15,18:53:08,-0.177356,0.084827,-0.010315,0.009181,-0.009412,0.027352
6171,1,11/17/15,18:53:08,-0.188185,0.094193,-0.018407,0.007036,-0.014404,0.031639
6172,1,11/17/15,18:53:08,-0.170481,0.097301,-0.049549,0.005806,-0.018202,0.03292
6173,1,11/17/15,18:53:08,-0.179836,0.091131,-0.076173,0.005011,-0.021801,0.029163
6174,1,11/17/15,18:53:08,-0.160058,0.081139,-0.099175,0.006923,-0.024713,0.027493
6175,1,11/17/15,18:53:08,-0.165644,0.064587,-0.10399,0.007667,-0.021819,0.024713
6176,1,11/17/15,18:53:08,-0.158797,0.019144,-0.112917,0.008896,-0.018028,0.02343
6177,1,11/17/15,18:53:08,-0.175221,-0.000738,-0.115936,0.009928,-0.017389,0.023301
6178,1,11/17/15,18:53:08,-0.182394,0.001682,-0.097435,0.008672,-0.015907,0.023015
6179,1,11/17/15,18:53:08,-0.17945,-0.00005,-0.080717,0.011043,-0.012536,0.021815
6180,1,11/17/15,18:53:08,-0.192254,0.012788,-0.081529,0.011243,-0.009796,0.018516
6181,1,11/17/15,18:53:08,-0.200511,0.027128,-0.089051,0.01073,-0.005005,0.017604
6182,1,11/17/15,18:53:08,-0.206665,0.045834,-0.088527,0.011846,-0.000146,0.016126
6183,1,11/17/15,18:53:08,-0.20636,0.046791,-0.131885,0.011821,0.005638,0.017251
6184,1,11/17/15,18:53:08,-0.191631,0.054002,-0.138171,0.011198,0.011395,0.015609
6185,1,11/17/15,18:53:08,-0.206509,0.057832,-0.145201,0.01089,0.019239,0.013023
6186,1,11/17/15,18:53:08,-0.194668,0.057742,-0.123563,0.009299,0.024527,0.01536
6187,1,11/17/15,18:53:08,-0.189607,0.053879,-0.10641,0.006992,0.030553,0.01312
6188,1,11/17/15,18:53:08,-0.193731,0.045916,-0.079305,0.00546,0.0342,0.009663
6189,1,11/17/15,18:53:08,-0.188658,0.019339,-0.077199,0.003707,0.040585,0.009025
6190,1,11/17/15,18:53:08,-0.180868,0.021582,-0.042856,0.002827,0.043929,0.009509
6191,1,11/17/15,18:53:08,-0.197112,0.010751,-0.038166,0.00218,0.04494,0.009321
6192,1,11/17/15,18:53:08,-0.182232,-0.001918,-0.047619,-0.002265,0.04496,0.005989
6193,1,11/17/15,18:53:08,-0.178362,0.002467,-0.038342,-0.00454,0.045002,0.001543
6194,1,11/17/15,18:53:08,-0.168736,-0.00717,-0.029749,-0.00676,0.045114,0.00041
6195,1,11/17/15,18:53:08,-0.167831,-0.006915,-0.028177,-0.005604,0.044794,0.001021
6196,1,11/17/15,18:53:08,-0.165425,0.004168,-0.035658,-0.006836,0.040495,-0.000394
6197,1,11/17/15,18:53:08,-0.164831,0.017676,-0.028224,-0.006717,0.039027,-0.002337
6198,1,11/17/15,18:53:08,-0.148968,0.029541,-0.037569,-0.005344,0.036069,-0.004
6199,1,11/17/15,18:53:08,-0.151429,0.02706,-0.022255,-0.005282,0.034731,-0.008188
6200,1,11/17/15,18:53:08,-0.135745,0.043466,-0.021281,-0.00505,0.031894,-0.011542
6201,1,11/17/15,18:53:08,-0.144542,0.040418,-0.018206,-0.00368,0.028934,-0.013206
6202,1,11/17/15,18:53:08,-0.132861,0.049318,-0.014939,-0.003665,0.023347,-0.013266
6203,1,11/17/15,18:53:08,-0.122444,0.040689,-0.014004,-0.003873,0.019891,-0.013728
6204,1,11/17/15,18:53:08,-0.117557,0.029599,-0.021765,-0.002939,0.015508,-0.016789
6205,1,11/17/15,18:53:08,-0.111405,0.016521,-0.040161,-0.002879,0.009288,-0.017283
6206,1,11/17/15,18:53:08,-0.082953,0.015757,-0.033262,-0.004396,0.002472,-0.017113
6207,1,11/17/15,18:53:08,-0.091991,0.023282,-0.013592,-0.004993,-0.003342,-0.021016
6208,1,11/17/15,18:53:08,-0.091134,0.02746,-0.028215,-0.004615,-0.007475,-0.022459
6209,1,11/17/15,18:53:08,-0.094027,0.038159,-0.021201,-0.003537,-0.013361,-0.024682
6210,1,11/17/15,18:53:08,-0.082282,0.054367,-0.004721,-0.001972,-0.018156,-0.024335
6211,1,11/17/15,18:53:08,-0.078096,0.064432,-0.004769,-0.001603,-0.02169,-0.02256
6212,1,11/17/15,18:53:08,-0.082676,0.042895,0.001874,-0.001778,-0.025879,-0.023993
6213,1,11/17/15,18:53:08,-0.069293,0.052466,-0.016367,-0.003259,-0.028338,-0.027416
6214,1,11/17/15,18:53:08,-0.079523,0.056425,-0.05351,-0.000235,-0.031782,-0.029544
6215,1,11/17/15,18:53:08,-0.079121,0.050309,-0.044308,0.00154,-0.033327,-0.029811
6216,1,11/17/15,18:53:08,-0.071736,0.055338,-0.032914,-0.00064,-0.033935,-0.031917
6217,1,11/17/15,18:53:08,-0.07059,0.063632,-0.039488,-0.001091,-0.035658,-0.034923
6218,1,11/17/15,18:53:08,-0.063957,0.068001,-0.029821,-0.000406,-0.037305,-0.03517
6219,1,11/17/15,18:53:08,-0.055232,0.053483,-0.005439,-0.000963,-0.037357,-0.03516
6220,1,11/17/15,18:53:08,-0.058941,0.056642,-0.010926,-0.001958,-0.039028,-0.037621
6221,1,11/17/15,18:53:08,-0.049733,0.057108,-0.01116,-0.001327,-0.040246,-0.038501
6222,1,11/17/15,18:53:08,-0.047876,0.060139,-0.006121,-0.000596,-0.042227,-0.037577
6223,1,11/17/15,18:53:08,-0.032505,0.063286,-0.021358,-0.001797,-0.041058,-0.036686
6224,1,11/17/15,18:53:08,-0.047912,0.077292,-0.028715,-0.003689,-0.038034,-0.03448
6225,1,11/17/15,18:53:08,-0.051195,0.077098,-0.027151,-0.004737,-0.038366,-0.03275
6226,1,11/17/15,18:53:08,-0.038504,0.091608,-0.031582,-0.005445,-0.036809,-0.033044
6227,1,11/17/15,18:53:08,-0.061043,0.10941,-0.015285,-0.002937,-0.034024,-0.031348
6228,1,11/17/15,18:53:08,-0.078273,0.110294,-0.013168,0.001296,-0.031861,-0.027869
6229,1,11/17/15,18:53:08,-0.089525,0.135784,-0.000753,0.003412,-0.029321,-0.018357
6230,1,11/17/15,18:53:08,-0.103227,0.156207,-0.014057,0.001676,-0.027292,-0.012635
6231,1,11/17/15,18:53:08,-0.117022,0.162861,-0.009857,0.000636,-0.026916,-0.007157
6232,1,11/17/15,18:53:08,-0.151877,0.163801,-0.000598,0.001818,-0.02658,-0.000005
6233,1,11/17/15,18:53:08,-0.168686,0.170371,0.018076,0.001611,-0.028756,0.009281
6234,1,11/17/15,18:53:08,-0.177851,0.156188,0.037151,0.002995,-0.030352,0.017907
6235,1,11/17/15,18:53:08,-0.179744,0.12866,0.034953,0.001609,-0.03216,0.023796
6236,1,11/17/15,18:53:08,-0.196794,0.091337,0.039019,0.000724,-0.033787,0.027433
6237,1,11/17/15,18:53:08,-0.182577,0.073352,0.001345,0.001469,-0.034466,0.035328
6238,1,11/17/15,18:53:08,-0.18354,0.040126,-0.018847,0.001671,-0.035496,0.041624
6239,1,11/17/15,18:53:09,-0.174023,0.032919,-0.036182,0.003263,-0.034517,0.043102
6240,1,11/17/15,18:53:09,-0.181268,0.042564,-0.059546,0.004256,-0.033655,0.041274
6241,1,11/17/15,18:53:09,-0.161611,0.03713,-0.070704,0.005696,-0.031885,0.038157
6242,1,11/17/15,18:53:09,-0.188008,0.028319,-0.077666,0.007523,-0.028559,0.034201
6243,1,11/17/15,18:53:09,-0.172102,0.029968,-0.088146,0.0094,-0.025868,0.029806
6244,1,11/17/15,18:53:09,-0.185427,0.026101,-0.087673,0.010292,-0.02374,0.028847
6245,1,11/17/15,18:53:09,-0.177639,0.018849,-0.089302,0.012365,-0.021982,0.031288
6246,1,11/17/15,18:53:09,-0.182851,0.032262,-0.091312,0.014243,-0.018589,0.030647
6247,1,11/17/15,18:53:09,-0.170292,0.024131,-0.100088,0.015673,-0.016512,0.029147
6248,1,11/17/15,18:53:09,-0.169361,0.026871,-0.108956,0.016068,-0.015169,0.027225
6249,1,11/17/15,18:53:09,-0.156582,0.020773,-0.093754,0.015276,-0.012951,0.024591
6250,1,11/17/15,18:53:09,-0.151901,0.010527,-0.096359,0.014434,-0.010894,0.018103
6251,1,11/17/15,18:53:09,-0.128054,-0.003647,-0.076619,0.014084,-0.008053,0.012582
6252,1,11/17/15,18:53:09,-0.146455,-0.014056,-0.068491,0.012497,-0.004203,0.004104
6253,1,11/17/15,18:53:09,-0.125342,-0.0537,-0.066121,0.012248,-0.001435,0.004147
6254,1,11/17/15,18:53:09,-0.130462,-0.051093,-0.060541,0.009581,-0.003502,-0.002682
6255,1,11/17/15,18:53:09,-0.134997,-0.048548,-0.069268,0.009826,-0.000842,-0.0065
6256,1,11/17/15,18:53:09,-0.140756,-0.041852,-0.065546,0.007506,-0.000225,-0.01105
6257,1,11/17/15,18:53:09,-0.14969,0.00039,-0.081998,0.006174,0.001757,-0.014741
6258,1,11/17/15,18:53:09,-0.148934,0.026506,-0.070369,0.005831,0.004611,-0.020256
6259,1,11/17/15,18:53:09,-0.173903,0.038625,-0.041848,0.005292,0.004563,-0.020246
6260,1,11/17/15,18:53:09,-0.16774,0.044276,-0.026085,0.003966,0.007038,-0.021255
6261,1,11/17/15,18:53:09,-0.146552,0.047112,-0.018649,0.003923,0.007375,-0.022425
6262,1,11/17/15,18:53:09,-0.130047,0.042035,-0.012077,0.003143,0.009901,-0.023442
6263,1,11/17/15,18:53:09,-0.14381,0.042351,-0.002462,0.001422,0.011123,-0.022002
6264,1,11/17/15,18:53:09,-0.125164,0.038087,-0.006655,0.00015,0.013264,-0.02184
6265,1,11/17/15,18:53:09,-0.112336,0.045997,-0.00821,-0.001663,0.014671,-0.025426
6266,1,11/17/15,18:53:09,-0.119569,0.04966,-0.023556,-0.001705,0.015402,-0.024451
6267,1,11/17/15,18:53:09,-0.117882,0.056797,-0.009598,-0.000845,0.01817,-0.024957
6268,1,11/17/15,18:53:09,-0.107378,0.067948,0.00672,-0.000835,0.018266,-0.024423
6269,1,11/17/15,18:53:09,-0.109901,0.077641,0.022063,0.000755,0.019135,-0.023473
6270,1,11/17/15,18:53:09,-0.089487,0.07185,0.036254,0.001895,0.018793,-0.022854
6271,1,11/17/15,18:53:09,-0.091941,0.064059,0.048881,0.002679,0.016557,-0.020227
6272,1,11/17/15,18:53:09,-0.098029,0.080594,0.06221,0.004453,0.015481,-0.017813
6273,1,11/17/15,18:53:09,-0.083604,0.080567,0.068837,0.00396,0.015096,-0.016635
6274,1,11/17/15,18:53:09,-0.071208,0.073903,0.067957,0.003107,0.012529,-0.015054
6275,1,11/17/15,18:53:09,-0.06899,0.073057,0.062698,0.00497,0.010286,-0.012979
6276,1,11/17/15,18:53:09,-0.059897,0.046533,0.048282,0.00416,0.006988,-0.012374
6277,1,11/17/15,18:53:09,-0.06559,0.046139,0.03575,0.003846,0.004072,-0.012948
6278,1,11/17/15,18:53:09,-0.059379,0.057232,0.04135,0.00249,0.000434,-0.013943
6279,1,11/17/15,18:53:09,-0.049883,0.048628,0.030189,0.00154,-0.001851,-0.016851
6280,1,11/17/15,18:53:09,-0.07265,0.044148,0.031164,0.002763,-0.003169,-0.0155
6281,1,11/17/15,18:53:09,-0.046522,0.040798,0.041091,0.001766,-0.004821,-0.017969
6282,1,11/17/15,18:53:09,-0.051119,0.055303,0.016819,0.005117,-0.005624,-0.017821
6283,1,11/17/15,18:53:09,-0.053413,0.065622,0.021506,0.004253,-0.008093,-0.015704
6284,1,11/17/15,18:53:09,-0.061464,0.068936,0.031083,0.004885,-0.008921,-0.014443
6285,1,11/17/15,18:53:09,-0.043062,0.069429,0.026567,0.004974,-0.009991,-0.014247
6286,1,11/17/15,18:53:09,-0.048334,0.069538,0.044038,0.007147,-0.009914,-0.014816
6287,1,11/17/15,18:53:09,-0.050643,0.0476,0.033607,0.007322,-0.01235,-0.016032
6288,1,11/17/15,18:53:09,-0.060822,0.04795,0.041155,0.006644,-0.011283,-0.019001
6289,1,11/17/15,18:53:09,-0.060163,0.027441,0.023447,0.008994,-0.012953,-0.017031
6290,1,11/17/15,18:53:09,-0.08295,0.020429,0.010274,0.009858,-0.010688,-0.02022
6291,1,11/17/15,18:53:09,-0.095834,0.048556,-0.000541,0.009311,-0.01083,-0.020749
6292,1,11/17/15,18:53:09,-0.109553,0.064985,0.016233,0.00981,-0.010155,-0.020319
6293,1,11/17/15,18:53:09,-0.081815,0.063018,-0.004405,0.010221,-0.008313,-0.019548
6294,1,11/17/15,18:53:09,-0.104013,0.091521,0.004205,0.012394,-0.008635,-0.022262
6295,1,11/17/15,18:53:09,-0.10282,0.102464,0.024423,0.012479,-0.009411,-0.020457
6296,1,11/17/15,18:53:09,-0.101242,0.104899,0.040244,0.01252,-0.00985,-0.019823
6297,1,11/17/15,18:53:09,-0.103945,0.100709,0.046324,0.014236,-0.010304,-0.016968
6298,1,11/17/15,18:53:09,-0.111757,0.096616,0.042983,0.016951,-0.009413,-0.01325
6299,1,11/17/15,18:53:09,-0.080372,0.112877,0.026865,0.018378,-0.01312,-0.009803
6300,1,11/17/15,18:53:09,-0.075504,0.106428,0.005787,0.01829,-0.011661,-0.007853
6301,1,11/17/15,18:53:09,-0.064167,0.086017,0.011121,0.02055,-0.01227,-0.006081
6302,1,11/17/15,18:53:09,-0.026245,0.066539,-0.002294,0.020175,-0.014256,-0.004614
6303,1,11/17/15,18:53:09,-0.036884,0.040034,0.006411,0.02126,-0.014565,-0.006777
6304,1,11/17/15,18:53:09,-0.049119,0.042582,0.015328,0.022597,-0.017891,-0.007285
6305,1,11/17/15,18:53:09,-0.049814,0.054968,0.031862,0.021678,-0.019335,-0.002591
6306,1,11/17/15,18:53:09,-0.028913,0.056174,0.030327,0.020718,-0.020146,0.002542
6307,1,11/17/15,18:53:09,-0.041548,0.06167,0.014038,0.018585,-0.021333,-0.000018
6308,1,11/17/15,18:53:09,-0.070034,0.077866,0.010128,0.015319,-0.021293,0.001634
6309,1,11/17/15,18:53:09,-0.076238,0.088394,0.005213,0.014611,-0.025707,0.005199
6310,1,11/17/15,18:53:09,-0.116104,0.098348,0.012174,0.015318,-0.027131,0.009332
6311,1,11/17/15,18:53:09,-0.111119,0.088028,0.007719,0.014232,-0.027117,0.009881
6312,1,11/17/15,18:53:09,-0.114811,0.059071,0.025799,0.01356,-0.025749,0.008524
6313,1,11/17/15,18:53:09,-0.08447,0.030489,0.017328,0.014105,-0.025611,0.00905
6314,1,11/17/15,18:53:09,-0.064091,0.001247,-0.002727,0.013723,-0.021474,0.004422
6315,1,11/17/15,18:53:09,-0.044943,0.000575,-0.013039,0.013472,-0.019133,-0.000991
6316,1,11/17/15,18:53:09,-0.038835,-0.019749,-0.031986,0.013262,-0.016843,-0.003623
6317,1,11/17/15,18:53:09,-0.057039,-0.009665,-0.020189,0.01372,-0.015347,-0.001677
6318,1,11/17/15,18:53:09,-0.064336,0.01458,-0.015937,0.012965,-0.013774,-0.008057
6319,1,11/17/15,18:53:09,-0.066681,0.014846,0.002248,0.011123,-0.011896,-0.012274
6320,1,11/17/15,18:53:09,-0.062796,0.017809,0.004587,0.01037,-0.009069,-0.011673
6321,1,11/17/15,18:53:09,-0.084405,0.039716,0.001968,0.010871,-0.008782,-0.013387
6322,1,11/17/15,18:53:09,-0.076799,0.06209,-0.010567,0.011916,-0.008455,-0.015109
6323,1,11/17/15,18:53:09,-0.077831,0.073685,-0.011436,0.010621,-0.006244,-0.017722
6324,1,11/17/15,18:53:09,-0.071461,0.079778,0.008111,0.010118,-0.006339,-0.014935
6325,1,11/17/15,18:53:09,-0.061676,0.074357,0.002988,0.010702,-0.006356,-0.012162
6326,1,11/17/15,18:53:09,-0.066499,0.06696,0.019486,0.010198,-0.00674,-0.010985
6327,1,11/17/15,18:53:09,-0.050334,0.041568,0.02279,0.009191,-0.008084,-0.011854
6328,1,11/17/15,18:53:09,-0.072047,0.063757,0.006964,0.006673,-0.011633,-0.015099
6329,1,11/17/15,18:53:09,-0.055737,0.060537,0.010551,0.008384,-0.011722,-0.010098
6330,1,11/17/15,18:53:09,-0.071992,0.071999,-0.012078,0.007456,-0.013848,-0.009166
6331,1,11/17/15,18:53:09,-0.07057,0.039419,-0.030162,0.005621,-0.010908,-0.007474
6332,1,11/17/15,18:53:09,-0.051078,0.056864,-0.035124,0.00713,-0.008896,-0.006171
6333,1,11/17/15,18:53:09,-0.042728,0.051178,-0.027749,0.00717,-0.00924,-0.005003
6334,1,11/17/15,18:53:09,-0.050463,0.046467,-0.035193,0.006705,-0.01016,-0.003733
6335,1,11/17/15,18:53:09,-0.047287,0.037237,-0.032823,0.007048,-0.007443,-0.004217
6336,1,11/17/15,18:53:09,-0.035937,0.036843,-0.024878,0.007551,-0.006869,-0.004319
6337,1,11/17/15,18:53:09,-0.029476,0.024757,-0.012377,0.004631,-0.00496,-0.007982
6338,1,11/17/15,18:53:09,-0.039452,0.015848,-0.029678,0.004087,-0.005381,-0.010123
6339,1,11/17/15,18:53:09,-0.040641,0.028963,-0.035669,0.003887,-0.003179,-0.013284
6340,1,11/17/15,18:53:09,-0.038044,0.0226,-0.043069,0.003531,0.001166,-0.016824
6341,1,11/17/15,18:53:09,-0.052701,0.018795,-0.030805,0.003413,0.002866,-0.016572
6342,1,11/17/15,18:53:09,-0.03957,0.038371,-0.007187,0.003296,0.004187,-0.018468
6343,1,11/17/15,18:53:09,-0.036976,0.03702,0.013714,0.003959,0.002811,-0.017115
6344,1,11/17/15,18:53:09,-0.044702,0.037758,0.035043,0.004235,-0.00094,-0.016451
6345,1,11/17/15,18:53:09,-0.046006,0.055318,0.039421,0.005945,-0.002182,-0.017892
6346,1,11/17/15,18:53:09,-0.058765,0.046837,0.053231,0.004469,-0.004632,-0.018566
6347,1,11/17/15,18:53:10,-0.065578,0.063493,0.039976,0.006256,-0.006567,-0.017669
6348,1,11/17/15,18:53:10,-0.077721,0.054606,0.037123,0.005866,-0.008843,-0.01782
6349,1,11/17/15,18:53:10,-0.067444,0.055393,0.024967,0.005435,-0.01049,-0.017528
6350,1,11/17/15,18:53:10,-0.062811,0.048931,0.028839,0.005159,-0.014278,-0.016857
6351,1,11/17/15,18:53:10,-0.017527,0.126436,0.021777,0.003132,-0.01705,-0.019135
6352,1,11/17/15,18:53:10,-0.044854,0.087131,0.100413,-0.008933,-0.005385,-0.045575
6353,1,11/17/15,18:53:10,-0.125083,-0.19676,0.057916,-0.004708,-0.002347,0.004294
6354,1,11/17/15,18:53:10,-0.027876,0.162276,0.036932,0.001543,-0.029402,-0.037988
6355,1,11/17/15,18:53:10,-0.061487,-0.002456,0.056214,0.000679,-0.027733,-0.009478
6356,1,11/17/15,18:53:10,-0.034129,0.056385,0.047716,0.002923,-0.029325,-0.013072
6357,1,11/17/15,18:53:10,-0.028468,0.051588,0.045901,0.004197,-0.032217,-0.01422
6358,1,11/17/15,18:53:10,-0.018686,0.060712,0.065938,0.006052,-0.03494,-0.011519
6359,1,11/17/15,18:53:10,-0.004072,0.061519,0.066178,0.007243,-0.03657,-0.011785
6360,1,11/17/15,18:53:10,-0.010419,0.055076,0.059931,0.00739,-0.039,-0.013015
6361,1,11/17/15,18:53:10,-0.029593,0.04793,0.042079,0.008977,-0.038737,-0.015279
6362,1,11/17/15,18:53:10,-0.026797,0.038947,0.045579,0.007411,-0.040493,-0.018288
6363,1,11/17/15,18:53:10,-0.006041,0.019566,0.040394,0.005731,-0.040638,-0.021591
6364,1,11/17/15,18:53:10,-0.027181,0.044441,0.03788,0.004017,-0.04025,-0.024981
6365,1,11/17/15,18:53:10,-0.024945,0.051087,0.034505,0.004332,-0.036618,-0.023411
6366,1,11/17/15,18:53:10,-0.046943,0.053804,0.031782,0.005958,-0.036511,-0.023431
6367,1,11/17/15,18:53:10,-0.04311,0.073634,0.033363,0.007726,-0.038548,-0.02307
6368,1,11/17/15,18:53:10,-0.019912,0.083781,0.041625,0.007211,-0.039025,-0.022433
6369,1,11/17/15,18:53:10,-0.03121,0.082749,0.0688,0.007237,-0.039086,-0.019653
6370,1,11/17/15,18:53:10,-0.042589,0.104258,0.057149,0.009406,-0.03828,-0.015916
6371,1,11/17/15,18:53:10,-0.03803,0.105676,0.064526,0.009613,-0.041116,-0.013199
6372,1,11/17/15,18:53:10,-0.038884,0.098043,0.064121,0.01117,-0.039367,-0.010188
6373,1,11/17/15,18:53:10,-0.038221,0.093596,0.053516,0.01124,-0.040058,-0.007853
6374,1,11/17/15,18:53:10,-0.034718,0.079321,0.026759,0.010693,-0.039522,-0.004624
6375,1,11/17/15,18:53:10,-0.021062,0.067334,0.010963,0.009779,-0.041796,-0.001457
6376,1,11/17/15,18:53:10,-0.001439,0.063552,-0.016788,0.008617,-0.040414,0.00051
6377,1,11/17/15,18:53:10,-0.001009,0.06397,-0.014385,0.007456,-0.039698,-0.001278
6378,1,11/17/15,18:53:10,0.023618,0.043761,-0.026005,0.007315,-0.037744,-0.002739
6379,1,11/17/15,18:53:10,0.02014,0.012301,-0.035497,0.008737,-0.034042,-0.001185
6380,1,11/17/15,18:53:10,0.013606,0.01407,-0.009157,0.008049,-0.032883,-0.006928
6381,1,11/17/15,18:53:10,0.013259,0.039833,0.013711,0.009572,-0.031455,-0.008844
6382,1,11/17/15,18:53:10,0.027889,0.066525,0.02212,0.012626,-0.027554,-0.006767
6383,1,11/17/15,18:53:10,0.020689,0.082952,0.022323,0.013605,-0.025119,-0.002767
6384,1,11/17/15,18:53:10,0.03699,0.089003,0.010832,0.012883,-0.022568,-0.003775
6385,1,11/17/15,18:53:10,0.002825,0.078118,0.018285,0.009474,-0.021297,-0.007877
6386,1,11/17/15,18:53:10,-0.016898,0.085476,0.012993,0.010527,-0.020596,-0.007449
6387,1,11/17/15,18:53:10,-0.03148,0.073329,0.047415,0.01179,-0.022545,-0.00323
6388,1,11/17/15,18:53:10,-0.050071,0.047446,0.074525,0.012947,-0.023171,-0.000907
6389,1,11/17/15,18:53:10,-0.043791,0.041941,0.082591,0.011997,-0.025764,-0.002665
6390,1,11/17/15,18:53:10,-0.047154,0.038175,0.091068,0.010941,-0.026559,-0.003634
6391,1,11/17/15,18:53:10,-0.041119,0.034896,0.069087,0.010434,-0.027129,-0.003532
6392,1,11/17/15,18:53:10,-0.039603,0.026173,0.06156,0.008939,-0.028716,0.000622
6393,1,11/17/15,18:53:10,-0.034232,0.031465,0.049134,0.009551,-0.029471,0.002415
6394,1,11/17/15,18:53:10,-0.026461,0.041068,0.045352,0.009045,-0.030136,0.001977
6395,1,11/17/15,18:53:10,-0.038248,0.054022,0.040296,0.007514,-0.03251,-0.001481
6396,1,11/17/15,18:53:10,-0.05032,0.061434,0.032459,0.006494,-0.033462,-0.000209
6397,1,11/17/15,18:53:10,-0.043378,0.081137,0.032243,0.00765,-0.034466,-0.000035
6398,1,11/17/15,18:53:10,-0.042902,0.079896,0.025062,0.008227,-0.034685,0.001665
6399,1,11/17/15,18:53:10,-0.042216,0.059816,0.022257,0.009792,-0.03332,0.002529
6400,1,11/17/15,18:53:10,-0.039506,0.059423,0.0052,0.011493,-0.034384,0.002163
6401,1,11/17/15,18:53:10,-0.02546,0.044531,0.014356,0.010436,-0.03499,0.002263
6402,1,11/17/15,18:53:10,-0.040036,0.038498,0.013942,0.009929,-0.035561,0.00236
6403,1,11/17/15,18:53:10,-0.038472,0.02202,0.01759,0.011665,-0.036972,0.003158
6404,1,11/17/15,18:53:10,-0.025767,0.032053,0.028329,0.012283,-0.03782,0.004413
6405,1,11/17/15,18:53:10,-0.023843,0.056984,0.032784,0.014087,-0.040306,0.005396
6406,1,11/17/15,18:53:10,-0.010047,0.047644,0.030761,0.013688,-0.042108,0.007921
6407,1,11/17/15,18:53:10,-0.004961,0.060158,0.017621,0.015431,-0.0438,0.007104
6408,1,11/17/15,18:53:10,-0.014702,0.06773,0.009915,0.013831,-0.044722,0.0056
6409,1,11/17/15,18:53:10,-0.022881,0.064093,0.006896,0.012449,-0.048672,0.005731
6410,1,11/17/15,18:53:10,-0.031183,0.048419,-0.009057,0.010375,-0.050045,0.008181
6411,1,11/17/15,18:53:10,-0.027855,0.055076,0.001579,0.010557,-0.05282,0.0081
6412,1,11/17/15,18:53:10,-0.049898,0.02459,0.01676,0.008381,-0.053146,0.007049
6413,1,11/17/15,18:53:10,-0.047453,0.021153,0.010057,0.008381,-0.053521,0.0049
6414,1,11/17/15,18:53:10,-0.042089,0.015405,-0.009913,0.007325,-0.054969,0.000164
6415,1,11/17/15,18:53:10,-0.054459,0.006616,-0.012688,0.004631,-0.056147,-0.002402
6416,1,11/17/15,18:53:10,-0.066009,0.0289,-0.032263,0.005707,-0.05664,-0.005645
6417,1,11/17/15,18:53:10,-0.062229,0.051934,-0.040527,0.006793,-0.056758,-0.006735
6418,1,11/17/15,18:53:10,-0.060438,0.057483,-0.035304,0.008344,-0.05521,-0.004797
6419,1,11/17/15,18:53:10,-0.06187,0.049047,-0.039508,0.009256,-0.052086,-0.003134
6420,1,11/17/15,18:53:10,-0.069,0.052396,-0.057913,0.010817,-0.050911,-0.003347
6421,1,11/17/15,18:53:10,-0.069033,0.071356,-0.044068,0.01292,-0.049423,-0.001957
6422,1,11/17/15,18:53:10,-0.067077,0.086052,-0.043423,0.014991,-0.047305,-0.000113
6423,1,11/17/15,18:53:10,-0.064924,0.073662,-0.014577,0.015357,-0.044219,0.001556
6424,1,11/17/15,18:53:10,-0.056687,0.076566,0.001033,0.014194,-0.043495,-0.000236
6425,1,11/17/15,18:53:10,-0.061864,0.050529,-0.005867,0.012594,-0.043949,0.000945
6426,1,11/17/15,18:53:10,-0.054421,0.055372,0.006359,0.012592,-0.043949,0.000942
6427,1,11/17/15,18:53:10,-0.047669,0.043169,0.019708,0.012621,-0.044765,-0.000585
6428,1,11/17/15,18:53:10,-0.051975,0.044092,0.027594,0.013777,-0.045863,-0.000953
6429,1,11/17/15,18:53:10,-0.048659,0.033516,0.008297,0.012176,-0.046132,0.001304
6430,1,11/17/15,18:53:10,-0.040747,0.026408,-0.005722,0.01289,-0.048688,0.002289
6431,1,11/17/15,18:53:10,-0.033556,0.034735,-0.001542,0.015134,-0.049997,0.000296
6432,1,11/17/15,18:53:10,-0.035607,0.03735,0.002053,0.013635,-0.052799,-0.002551
6433,1,11/17/15,18:53:10,-0.029956,0.028149,-0.010039,0.010264,-0.051392,-0.002797
6434,1,11/17/15,18:53:10,-0.027528,0.035368,-0.009665,0.00754,-0.051561,-0.002777
6435,1,11/17/15,18:53:10,-0.020489,0.044833,-0.012966,0.006822,-0.049005,-0.003772
6436,1,11/17/15,18:53:10,-0.039293,0.046816,-0.007694,0.007908,-0.049029,-0.004325
6437,1,11/17/15,18:53:10,-0.03499,0.050541,-0.00059,0.006639,-0.046415,-0.004775
6438,1,11/17/15,18:53:10,-0.039154,0.045062,-0.015909,0.006671,-0.046952,-0.004687
6439,1,11/17/15,18:53:10,-0.024793,0.054633,-0.007077,0.009323,-0.045619,-0.004365
6440,1,11/17/15,18:53:10,-0.031199,0.051905,0.00872,0.010273,-0.043682,-0.00636
6441,1,11/17/15,18:53:10,-0.029247,0.036155,0.003212,0.009555,-0.041124,-0.007357
6442,1,11/17/15,18:53:10,-0.027935,0.049152,0.00873,0.008458,-0.041376,-0.008422
6443,1,11/17/15,18:53:10,-0.048689,0.049326,-0.009219,0.009031,-0.041696,-0.007267
6444,1,11/17/15,18:53:10,-0.036389,0.051609,-0.01474,0.007261,-0.039742,-0.008153
6445,1,11/17/15,18:53:10,-0.03474,0.0438,-0.002171,0.006236,-0.041064,-0.00904
6446,1,11/17/15,18:53:10,-0.045081,0.051358,0.004277,0.005582,-0.039488,-0.009311
6447,1,11/17/15,18:53:10,-0.036385,0.036107,0.011464,0.005003,-0.039352,-0.011546
6448,1,11/17/15,18:53:10,-0.038394,0.033067,0.009906,0.002171,-0.037633,-0.010181
6449,1,11/17/15,18:53:11,-0.042519,0.030021,0.008583,0.001658,-0.038202,-0.010086
6450,1,11/17/15,18:53:11,-0.042443,0.01879,-0.014213,-0.00005,-0.037044,-0.009175
6451,1,11/17/15,18:53:11,-0.047308,0.034946,-0.031053,-0.002975,-0.034171,-0.010773
6452,1,11/17/15,18:53:11,-0.032371,0.067603,-0.043555,-0.00427,-0.031381,-0.013463
6453,1,11/17/15,18:53:11,-0.038167,0.060456,-0.053992,-0.005016,-0.027917,-0.012395
6454,1,11/17/15,18:53:11,-0.041523,0.037963,-0.070266,-0.003652,-0.023618,-0.013679
6455,1,11/17/15,18:53:11,-0.035658,0.042278,-0.046214,0.000025,-0.021519,-0.015698
6456,1,11/17/15,18:53:11,-0.026808,0.047538,-0.016696,0.00306,-0.01775,-0.017449
6457,1,11/17/15,18:53:11,-0.033229,0.064878,0.002778,0.005007,-0.013315,-0.014885
6458,1,11/17/15,18:53:11,-0.032138,0.0719,-0.012595,0.007598,-0.010367,-0.011514
6459,1,11/17/15,18:53:11,-0.020599,0.075978,-0.019406,0.007369,-0.006519,-0.011616
6460,1,11/17/15,18:53:11,-0.020581,0.076381,-0.016182,0.007337,-0.005707,-0.010095
6461,1,11/17/15,18:53:11,-0.057029,0.078212,0.022776,0.005703,-0.005712,-0.009541
6462,1,11/17/15,18:53:11,-0.067885,0.086952,0.021691,0.005863,-0.00794,-0.006396
6463,1,11/17/15,18:53:11,-0.072615,0.075614,0.04275,0.007688,-0.010701,-0.003714
6464,1,11/17/15,18:53:11,-0.079707,0.057517,0.081894,0.005093,-0.012642,-0.001171
6465,1,11/17/15,18:53:11,-0.070223,0.044149,0.072577,0.004642,-0.014467,-0.001968
6466,1,11/17/15,18:53:11,-0.048269,0.024884,0.05063,0.003618,-0.015329,-0.00016
6467,1,11/17/15,18:53:11,-0.017157,0.040376,0.03078,0.002078,-0.016851,0.001205
6468,1,11/17/15,18:53:11,0.003876,0.038058,0.024138,-0.000098,-0.016977,0.001226
6469,1,11/17/15,18:53:11,0.012581,0.041319,0.011528,-0.000033,-0.018599,-0.001818
6470,1,11/17/15,18:53:11,0.010923,0.046697,0.015262,0.001022,-0.018365,-0.00407
6471,1,11/17/15,18:53:11,0.002372,0.048151,0.026951,0.00323,-0.019508,-0.008301
6472,1,11/17/15,18:53:11,-0.019483,0.070082,0.02042,0.00374,-0.01894,-0.008397
6473,1,11/17/15,18:53:11,-0.021696,0.083286,0.013104,0.004796,-0.018159,-0.007423
6474,1,11/17/15,18:53:11,-0.025976,0.073531,0.001749,0.005308,-0.017407,-0.006447
6475,1,11/17/15,18:53:11,-0.02731,0.080821,-0.011076,0.005629,-0.013162,-0.004403
6476,1,11/17/15,18:53:11,-0.017172,0.069136,-0.025235,0.003742,-0.008869,-0.00458
6477,1,11/17/15,18:53:11,-0.024984,0.066636,-0.021822,0.003646,-0.007259,-0.004853
6478,1,11/17/15,18:53:11,-0.021623,0.04907,-0.026129,0.004609,-0.004411,-0.001464
6479,1,11/17/15,18:53:11,-0.02537,0.0347,-0.008417,0.003393,-0.002417,-0.002356
6480,1,11/17/15,18:53:11,-0.002014,0.046698,-0.003165,0.002817,-0.00182,-0.001904
6481,1,11/17/15,18:53:11,-0.001695,0.049812,-0.01264,0.003204,0.000987,-0.001827
6482,1,11/17/15,18:53:11,0.000419,0.055063,-0.011102,0.001444,0.003679,0.001589
6483,1,11/17/15,18:53:11,-0.007718,0.038373,-0.019649,0.000104,0.007547,-0.001279
6484,1,11/17/15,18:53:11,-0.004457,0.062576,-0.035896,0.001098,0.00922,-0.001562
6485,1,11/17/15,18:53:11,0.010728,0.074166,-0.029499,0.001547,0.010862,-0.00184
6486,1,11/17/15,18:53:11,-0.004045,0.051635,-0.013627,0.003023,0.01373,-0.001772
6487,1,11/17/15,18:53:11,0.00334,0.062716,0.006106,0.002417,0.014681,-0.002487
6488,1,11/17/15,18:53:11,0.003798,0.066272,0.013561,0.001716,0.017517,-0.00186
6489,1,11/17/15,18:53:11,0.009818,0.068639,0.010943,0.001138,0.018023,-0.001945
6490,1,11/17/15,18:53:11,0.017432,0.071805,0.012746,0.002678,0.019909,-0.001158
6491,1,11/17/15,18:53:11,0.021751,0.063049,0.016869,0.002739,0.01929,0.001713
6492,1,11/17/15,18:53:11,0.02233,0.062249,0.012056,0.00229,0.017284,-0.00016
6493,1,11/17/15,18:53:11,0.016532,0.061578,0.009952,0.00322,0.020031,-0.000625
6494,1,11/17/15,18:53:11,0.0104,0.056494,0.025135,0.001138,0.017932,-0.002483
6495,1,11/17/15,18:53:11,0.00926,0.048172,0.047457,0.001746,0.017253,-0.000157
6496,1,11/17/15,18:53:11,0.021859,0.051354,0.046359,0.00187,0.014833,-0.001407
6497,1,11/17/15,18:53:11,0.010776,0.047551,0.057489,0.002541,0.01299,0.000566
6498,1,11/17/15,18:53:11,0.027357,0.05327,0.070236,0.003338,0.008635,0.000749
6499,1,11/17/15,18:53:11,0.031844,0.060667,0.082698,0.004072,0.00508,-0.000861
6500,1,11/17/15,18:53:11,0.017498,0.058646,0.075753,0.002849,-0.002265,-0.001275
6501,1,11/17/15,18:53:11,0.021686,0.059327,0.077297,0.004064,-0.00435,-0.000922
6502,1,11/17/15,18:53:11,0.020071,0.075033,0.069165,0.003931,-0.011269,0.000806
6503,1,11/17/15,18:53:11,0.017519,0.064218,0.049227,0.00428,-0.017174,0.001808
6504,1,11/17/15,18:53:11,0.004012,0.078832,0.03955,0.003382,-0.020639,0.001289
6505,1,11/17/15,18:53:11,0.012114,0.067412,0.026092,0.000912,-0.024907,0.003122
6506,1,11/17/15,18:53:11,0.01107,0.073282,0.01806,0.001585,-0.026384,0.007245
6507,1,11/17/15,18:53:11,0.027297,0.06326,0.024963,0.003317,-0.027445,0.01019
6508,1,11/17/15,18:53:11,0.029542,0.054021,-0.002836,0.005663,-0.030093,0.010086
6509,1,11/17/15,18:53:11,0.027665,0.034226,-0.003224,0.005665,-0.030276,0.009008
6510,1,11/17/15,18:53:11,0.016758,0.033629,-0.017354,0.006245,-0.031146,0.006941
6511,1,11/17/15,18:53:11,0.034572,0.044528,-0.030235,0.007272,-0.030191,0.005669
6512,1,11/17/15,18:53:11,0.031431,0.045152,-0.038944,0.007049,-0.026525,0.004492
6513,1,11/17/15,18:53:11,0.023838,0.041184,-0.044608,0.007435,-0.023718,0.004567
6514,1,11/17/15,18:53:11,0.011166,0.05428,-0.032794,0.008299,-0.019716,0.004992
6515,1,11/17/15,18:53:11,0.000923,0.06801,-0.034558,0.006444,-0.015506,0.007599
6516,1,11/17/15,18:53:11,0.00234,0.085053,-0.034145,0.007852,-0.011563,0.007484
6517,1,11/17/15,18:53:11,-0.009362,0.082434,-0.015673,0.008235,-0.008394,0.009714
6518,1,11/17/15,18:53:11,-0.008599,0.084168,-0.004921,0.009644,-0.004358,0.010138
6519,1,11/17/15,18:53:11,-0.015185,0.077503,0.016497,0.00945,-0.001229,0.009057
6520,1,11/17/15,18:53:11,-0.015662,0.068068,0.019323,0.009418,-0.000692,0.008966
6521,1,11/17/15,18:53:11,-0.018053,0.068326,0.021708,0.006086,0.000281,0.009355
6522,1,11/17/15,18:53:11,-0.014798,0.059601,0.039875,0.002885,-0.000712,0.011182
6523,1,11/17/15,18:53:11,-0.019722,0.062075,0.041887,0.001317,-0.00161,0.012993
6524,1,11/17/15,18:53:11,-0.016337,0.052195,0.066677,0.001992,-0.003995,0.011736
6525,1,11/17/15,18:53:11,-0.006941,0.044498,0.059921,0.000011,-0.007526,0.011226
6526,1,11/17/15,18:53:11,-0.008396,0.020819,0.077885,0.000753,-0.011077,0.009613